WN001	WN002	WN003	WN008	WN009	WN011	WN013	WN016	WN019	WN020	WN021	WN024	WN025	WN027	WN028	WN032	WN033	WN037	WN039	WN041	WN044	WN046	WN050	WN053	WN054	WN056	WN057	WN059	WN060	WN061	WN062	WN068	WN069	WN071	WN076	WN077	WN079
binI10000	1	1	1	1	1	1	-1	1	1	-1	1	1	1	1	-1	1	1	-1	1	1	-1	1	1	1	1	1	-1	-1	1	1	1	1	1	1	1	1	-1
binI920000	1	1	1	1	1	1	-1	1	1	-1	1	1	1	1	-1	1	1	-1	1	1	-1	1	1	1	1	1	-1	-1	1	1	1	1	1	1	1	1	-1
binI930000	1	1	1	1	1	1	-1	1	1	-1	1	1	1	1	-1	1	1	-1	1	1	-1	1	1	1	1	1	-1	-1	1	1	1	1	1	1	1	1	-1
binI1040000	1	1	1	1	1	1	-1	1	1	-1	1	1	1	1	-1	1	1	-1	1	1	-1	1	1	1	1	1	-1	-1	1	1	1	1	1	1	1	1	-1
binI1050000	1	1	1	1	1	1	-1	1	1	-1	1	1	1	1	-1	1	1	-1	1	1	-1	1	1	1	1	1	-1	-1	1	1	1	1	1	1	1	1	-1
binI1120000	1	1	1	1	1	1	-1	1	1	-1	1	1	1	1	-1	1	1	-1	1	1	-1	1	1	1	1	1	-1	-1	1	1	1	1	1	1	1	1	-1
binI1130000	1	1	1	1	1	1	-1	1	1	-1	1	1	1	1	-1	1	1	-1	1	1	-1	1	1	1	1	1	-1	-1	1	1	1	1	1	1	1	1	-1
binI1140000	1	1	1	1	1	1	-1	1	1	-1	1	1	1	1	-1	1	1	-1	1	1	-1	1	1	1	1	1	-1	-1	1	1	1	1	1	1	1	1	-1
binI1150000	1	1	1	1	1	1	-1	1	1	-1	1	1	1	1	-1	1	1	-1	1	1	-1	1	1	1	1	1	-1	-1	1	1	1	1	1	1	1	1	-1
binI1410000	1	1	1	1	1	1	-1	1	1	-1	1	1	1	1	-1	1	1	-1	1	1	-1	1	1	1	1	1	-1	-1	1	1	1	1	1	1	1	1	-1
binI1420000	1	1	1	1	1	1	-1	1	1	-1	1	1	1	1	-1	1	1	-1	1	1	-1	1	1	1	1	1	-1	-1	1	1	1	1	1	1	1	1	-1
binI1430000	1	1	1	1	1	1	-1	1	1	-1	1	1	1	1	-1	1	1	-1	1	1	-1	1	1	1	1	1	-1	-1	1	1	1	1	1	1	1	1	-1
binI1510000	1	1	1	1	1	1	-1	1	1	-1	1	1	1	1	-1	1	1	1	1	1	-1	1	1	1	1	1	-1	-1	1	1	1	1	1	1	1	1	1
binI1520000	1	1	1	1	1	1	-1	1	1	-1	1	1	1	1	-1	1	1	1	1	1	-1	1	1	1	1	1	-1	-1	1	1	1	1	1	1	1	1	1
binI1540000	1	1	1	1	1	1	-1	1	1	-1	1	1	1	1	-1	1	1	1	1	1	-1	1	1	1	1	1	-1	-1	1	1	1	1	1	1	1	1	1
binI1550000	1	1	1	1	1	1	-1	1	1	-1	1	1	1	1	-1	1	1	1	1	1	-1	1	1	1	1	1	-1	-1	1	1	1	1	1	1	1	1	1
binI1560000	1	1	1	1	1	1	-1	1	1	-1	1	1	1	1	-1	1	1	1	1	1	-1	1	1	1	1	1	-1	-1	1	1	1	1	1	1	1	1	1
binI1580000	1	1	1	1	1	1	-1	1	1	-1	1	1	1	1	-1	1	1	1	1	1	-1	1	1	1	1	1	-1	-1	1	1	1	1	1	1	1	1	1
binI1590000	1	1	1	1	1	1	-1	1	1	-1	1	1	1	1	-1	1	1	1	1	1	-1	1	1	1	1	1	-1	-1	1	1	1	1	1	1	1	1	1
binI1740000	1	1	1	1	1	1	-1	1	1	-1	1	1	1	1	-1	1	1	1	1	1	-1	1	1	1	1	1	-1	-1	1	1	1	1	1	1	1	1	1
binI1750000	1	1	1	1	1	1	-1	1	1	1	1	1	1	1	-1	1	1	1	1	1	-1	1	1	1	1	1	-1	-1	1	1	1	1	1	1	1	1	1
binI1870000	1	1	1	1	1	1	-1	1	1	1	1	1	1	1	-1	1	1	1	1	1	-1	1	1	1	1	1	-1	-1	1	1	1	1	1	1	1	1	1
binI1880000	1	1	1	1	1	1	-1	1	1	1	1	1	1	1	-1	1	1	1	1	1	-1	1	1	1	1	1	-1	-1	1	1	1	1	1	1	1	1	1
binI1890000	1	1	1	1	1	1	-1	1	1	1	1	1	1	1	-1	1	1	1	1	1	-1	1	1	1	1	1	-1	-1	1	1	1	1	1	1	1	1	1
binI1940000	1	1	1	1	1	1	-1	1	1	1	1	1	1	1	-1	1	1	1	1	1	-1	1	1	1	1	1	-1	-1	1	1	1	1	1	1	1	1	1
binI1950000	1	1	1	1	1	1	1	1	1	1	1	1	1	1	-1	1	1	1	1	1	-1	1	1	1	1	1	-1	-1	1	1	1	1	1	1	1	1	1
binI2080000	1	1	1	1	1	1	1	1	1	1	1	1	1	1	-1	1	1	1	1	1	-1	1	1	1	1	1	-1	-1	1	1	1	1	1	1	1	1	1
binI2090000	1	1	1	1	1	1	1	1	1	1	1	1	1	1	-1	1	1	1	1	1	-1	1	1	1	1	1	-1	-1	1	1	1	1	1	1	1	1	1
binI2150000	1	1	1	1	1	1	1	1	1	1	1	1	1	1	-1	1	1	1	1	1	-1	1	1	1	1	1	-1	-1	1	1	1	1	1	1	1	1	1
binI2160000	1	1	1	1	1	1	1	1	1	1	1	1	1	1	-1	1	1	1	1	1	-1	1	1	1	1	1	-1	-1	1	1	1	1	1	1	1	1	1
binI2170000	1	1	1	1	1	1	1	1	1	1	1	1	1	1	-1	1	1	1	1	1	-1	1	1	1	1	1	-1	-1	1	1	1	1	1	1	1	1	1
binI2180000	1	1	1	1	1	1	1	1	1	1	1	1	1	1	-1	1	1	1	1	1	-1	1	1	1	1	1	-1	-1	1	1	1	1	1	1	1	1	1
binI2280000	1	1	1	1	1	1	1	1	1	1	1	1	1	1	-1	1	1	1	1	1	-1	1	1	1	1	1	-1	-1	1	1	1	1	1	1	1	1	1
binI2290000	1	1	1	1	1	1	1	1	1	1	1	1	1	1	-1	1	1	1	1	1	-1	1	1	1	1	1	-1	-1	1	1	1	1	1	1	1	1	1
binI2450000	1	1	1	1	1	1	1	1	1	1	1	1	1	1	1	1	1	-1	1	1	1	1	1	1	1	1	-1	1	1	1	1	1	1	1	1	1	1
binI2460000	1	1	1	1	1	1	1	1	1	-1	1	1	1	1	1	1	1	-1	1	1	1	1	1	1	1	1	-1	1	1	1	1	1	1	1	1	1	1
binI2470000	1	1	1	1	1	1	1	1	1	-1	1	1	1	1	1	1	1	-1	1	1	1	1	1	1	1	1	-1	1	1	1	1	1	1	1	1	1	1
binI2480000	1	1	1	1	1	1	1	1	1	-1	1	1	1	1	1	1	1	-1	1	1	1	1	1	1	1	1	-1	1	1	1	1	1	1	1	1	1	1
binI2490000	1	1	1	1	1	1	1	1	1	-1	1	1	1	1	1	1	1	-1	1	1	1	1	1	1	1	1	-1	1	1	1	1	1	1	1	1	1	1
binI2510000	1	1	1	1	1	1	1	1	1	-1	1	1	1	1	1	1	1	-1	1	1	1	1	1	1	1	1	-1	1	1	1	1	1	1	1	1	1	1
binI2520000	1	1	1	1	1	1	1	1	1	-1	1	1	1	1	1	1	1	-1	1	1	1	1	1	1	1	1	-1	1	1	1	1	1	1	1	1	1	1
binI2530000	1	1	1	1	1	1	1	1	1	-1	1	1	1	1	1	1	1	-1	1	1	1	1	1	1	1	1	-1	1	1	1	1	1	1	1	1	1	1
binI2540000	1	1	1	1	1	1	1	1	1	-1	1	1	1	1	1	1	1	-1	1	1	1	1	1	1	1	1	-1	1	1	1	1	1	1	1	1	1	1
binI2600000	1	1	1	1	1	1	1	1	1	-1	1	1	1	1	1	1	1	-1	1	1	1	1	1	1	1	1	-1	1	1	1	1	1	1	1	1	1	1
binI2610000	1	1	1	1	1	1	1	1	1	-1	1	1	1	1	1	1	1	-1	1	1	1	1	1	1	1	1	-1	1	1	1	1	1	1	1	1	1	1
binI2750000	1	1	1	1	1	1	1	1	1	-1	1	1	1	1	1	1	1	-1	1	1	1	1	1	1	1	1	-1	1	1	1	1	1	1	1	1	1	1
binI2760000	1	1	1	1	1	1	1	1	1	-1	1	1	1	1	1	1	1	-1	1	1	1	1	1	1	1	1	-1	1	1	1	1	1	1	-1	1	1	1
binI2770000	1	1	1	1	1	1	1	1	1	-1	1	1	1	1	1	1	1	-1	1	1	1	1	1	1	1	1	-1	1	1	1	1	1	1	-1	1	1	1
binI2830000	1	1	1	1	1	1	1	1	1	-1	1	1	1	1	1	1	1	-1	1	1	1	1	1	1	1	1	-1	1	1	1	1	1	1	-1	1	1	1
binI2840000	1	1	1	1	1	1	1	1	1	-1	-1	1	1	1	1	1	1	-1	1	1	1	1	1	1	1	1	-1	1	1	1	1	1	1	-1	1	1	1
binI2860000	1	1	1	1	1	1	1	1	1	-1	-1	1	1	1	1	1	1	-1	1	1	1	1	1	1	1	1	-1	1	1	1	1	1	1	-1	1	1	1
binI2870000	1	1	1	1	1	1	1	1	1	-1	-1	1	1	1	1	1	1	-1	1	1	1	1	1	1	1	1	-1	1	1	1	1	1	1	-1	1	1	1
binI2880000	1	1	1	1	1	1	1	1	1	-1	-1	1	1	1	1	1	1	-1	1	1	1	1	1	1	1	1	-1	1	1	1	1	1	1	-1	1	1	1
binI3010000	1	1	1	1	1	1	1	1	1	-1	-1	1	1	1	1	1	1	-1	1	1	1	1	1	1	1	1	-1	1	1	1	1	1	1	-1	1	1	1
binI3020000	1	1	1	1	1	1	1	1	1	-1	-1	1	1	1	1	1	1	-1	1	1	1	1	1	1	1	1	-1	1	1	1	1	1	1	-1	1	1	1
binI3030000	1	1	1	1	1	1	1	1	1	-1	-1	1	1	1	1	1	1	-1	1	1	1	1	1	1	1	1	-1	1	1	1	1	1	1	-1	1	1	1
binI3060000	1	1	1	1	1	1	1	1	1	-1	-1	1	1	1	1	1	1	-1	1	1	1	1	1	1	1	1	-1	1	1	1	1	1	1	-1	1	1	1
binI3070000	1	1	1	1	1	1	1	1	1	-1	-1	1	1	1	1	1	1	-1	1	1	1	1	1	1	1	1	-1	1	1	1	1	1	1	-1	1	1	1
binI3080000	1	1	1	1	1	1	1	1	1	-1	-1	1	1	1	1	1	1	-1	1	1	1	1	1	1	1	1	-1	1	1	1	1	1	1	-1	1	1	1
binI3090000	1	1	1	1	1	1	1	1	1	-1	-1	1	1	1	1	1	1	-1	1	1	1	1	1	1	1	1	-1	1	1	1	1	1	1	-1	1	1	1
binI3220000	1	1	1	1	1	1	1	1	1	-1	-1	1	1	1	1	1	1	1	1	1	1	1	1	1	1	1	-1	1	1	1	1	-1	1	-1	1	1	1
binI3230000	1	1	1	1	1	1	1	1	1	-1	-1	1	1	1	1	1	1	1	1	1	1	1	1	1	1	1	-1	1	1	1	1	-1	1	-1	1	1	1
binI3290000	1	1	1	1	1	1	1	1	1	-1	-1	1	1	1	1	1	1	1	1	1	1	1	1	1	1	1	-1	1	1	1	1	-1	1	-1	1	1	1
binI3300000	1	1	1	1	1	1	1	1	1	-1	-1	1	1	1	1	1	1	1	1	1	1	1	1	1	1	1	-1	1	1	1	1	-1	1	-1	1	1	1
binI3390000	1	1	1	1	1	1	1	1	1	-1	-1	1	1	1	1	1	1	1	1	1	1	1	1	1	1	1	-1	1	1	1	1	-1	1	-1	1	1	1
binI3400000	1	1	1	1	1	1	1	1	1	-1	-1	1	1	1	1	1	1	1	1	1	1	1	1	1	1	1	-1	1	1	1	1	-1	1	-1	1	1	1
binI3520000	1	1	1	1	1	1	1	1	1	-1	-1	1	1	1	1	1	1	1	1	1	1	1	1	1	1	1	-1	1	1	1	1	-1	1	-1	1	1	1
binI3530000	1	1	1	1	1	1	1	1	1	-1	-1	1	1	1	1	1	1	1	1	1	1	1	1	1	1	1	-1	1	1	1	1	-1	1	-1	1	1	1
binI3580000	1	1	1	1	1	1	1	1	1	-1	-1	1	1	1	1	1	1	1	1	1	1	1	1	1	1	1	-1	1	1	1	1	-1	1	-1	1	1	1
binI3590000	1	1	1	1	1	1	1	1	1	-1	-1	1	1	1	1	1	1	1	1	1	1	1	1	1	1	1	-1	1	1	1	1	-1	1	-1	1	1	1
binI3640000	1	1	1	1	1	1	1	1	1	-1	-1	1	1	1	1	1	1	1	1	1	1	1	1	1	1	1	-1	1	1	1	1	-1	1	-1	1	1	1
binI3650000	1	1	1	1	1	1	1	1	1	-1	-1	1	1	1	1	1	1	1	1	1	1	1	1	1	1	1	-1	1	1	1	1	-1	1	-1	1	1	1
binI6010000	1	1	1	1	1	1	1	1	1	-1	-1	1	-1	-1	1	1	1	1	1	1	1	1	1	1	1	1	-1	1	1	1	1	-1	1	-1	1	1	1
binI6020000	1	1	1	1	1	1	1	1	1	-1	-1	1	-1	-1	1	1	1	1	1	1	1	-1	1	1	1	1	-1	1	1	1	1	-1	1	-1	1	1	1
binI6260000	1	1	1	1	1	1	1	1	1	-1	-1	1	-1	-1	1	1	1	1	1	1	1	-1	1	1	1	1	-1	1	1	1	1	-1	1	-1	1	1	1
binI6270000	1	1	1	1	1	1	1	1	1	-1	-1	1	-1	-1	1	1	1	1	1	1	1	-1	1	1	1	1	-1	1	1	1	1	-1	1	-1	1	1	1
binI7880000	1	1	1	1	1	1	1	1	1	-1	-1	1	-1	-1	1	1	1	1	1	1	1	-1	1	1	1	1	-1	1	1	1	1	-1	1	-1	1	1	1
binI7890000	1	1	1	1	1	1	1	1	1	-1	-1	1	-1	-1	1	1	1	1	1	1	1	-1	1	1	1	1	-1	1	1	1	1	-1	1	-1	1	1	1
binI8000000	1	1	1	1	1	1	1	1	1	-1	-1	1	-1	-1	1	1	1	1	1	1	1	-1	1	1	1	1	1	1	1	1	1	-1	1	-1	1	1	1
binI8010000	1	1	1	1	1	1	1	1	1	-1	-1	1	-1	-1	1	1	1	1	1	1	1	-1	1	1	1	1	1	1	1	1	1	-1	1	-1	1	1	1
binI9110000	1	1	1	1	1	1	1	1	1	-1	-1	1	-1	-1	1	1	1	1	1	1	1	-1	-1	1	1	1	1	1	1	1	1	-1	1	-1	1	1	1
binI9120000	1	1	1	1	1	1	1	1	1	-1	-1	1	-1	-1	1	1	1	1	1	1	1	-1	-1	1	1	1	1	1	1	1	1	-1	1	-1	1	-1	1
binI9130000	1	1	1	1	1	1	1	1	1	-1	-1	1	-1	-1	1	1	1	1	1	1	1	-1	-1	1	1	1	1	1	1	1	1	-1	1	-1	1	-1	1
binI9140000	1	1	1	1	1	1	1	1	1	-1	-1	1	-1	-1	1	1	1	1	1	1	1	-1	-1	1	1	1	1	1	1	1	1	-1	1	-1	1	-1	1
binI9290000	1	1	1	1	1	1	1	1	1	-1	-1	1	-1	-1	1	1	1	1	1	1	1	-1	-1	1	1	1	1	1	1	1	1	-1	1	-1	1	-1	1
binI9300000	1	1	1	1	1	1	1	1	1	-1	-1	1	-1	-1	1	1	1	1	1	1	1	-1	-1	1	1	1	1	1	1	1	1	-1	1	-1	1	-1	1
binI9670000	1	1	1	1	1	1	1	1	1	-1	-1	1	-1	-1	1	1	1	1	1	1	1	-1	-1	1	1	1	1	1	1	1	1	-1	1	-1	1	-1	1
binI9680000	1	1	1	1	1	1	1	1	1	-1	-1	1	-1	-1	1	1	1	1	1	1	1	-1	-1	1	1	1	1	1	1	1	1	-1	1	-1	1	-1	1
binI9810000	1	1	1	1	1	1	1	1	1	-1	-1	1	-1	-1	1	1	1	1	1	1	1	-1	-1	1	1	1	1	1	1	1	1	-1	1	-1	1	-1	1
binI9820000	1	1	1	1	1	1	1	1	1	-1	-1	1	-1	-1	1	1	1	1	1	1	1	-1	-1	1	1	1	1	1	1	1	1	-1	1	-1	1	-1	1
binI10510000	1	1	1	1	1	1	1	1	1	-1	-1	1	-1	-1	1	1	1	1	1	1	1	-1	-1	1	1	1	1	1	1	1	1	-1	1	-1	1	-1	1
binI10520000	1	1	1	1	1	1	1	1	1	-1	-1	1	-1	-1	1	1	1	1	1	1	1	-1	-1	1	1	1	1	1	1	1	1	-1	1	-1	1	-1	1
binI10850000	1	1	1	1	1	1	1	1	1	-1	-1	1	-1	-1	1	-1	1	1	1	1	1	-1	-1	1	1	1	1	1	1	-1	1	-1	1	-1	1	-1	1
binI10860000	1	1	1	1	1	1	1	1	1	-1	-1	1	-1	-1	1	-1	1	1	1	1	1	-1	-1	1	1	1	1	1	1	-1	1	-1	1	-1	1	-1	1
binI11030000	1	1	1	1	1	1	1	1	1	-1	-1	1	-1	-1	1	-1	1	1	1	1	1	-1	-1	1	1	1	1	1	1	-1	1	-1	1	-1	1	-1	1
binI11040000	1	1	1	1	1	1	1	1	1	-1	-1	1	-1	-1	1	-1	1	1	1	1	1	-1	-1	1	1	1	1	1	1	-1	1	-1	1	-1	1	-1	1
binI11290000	1	1	1	1	1	1	1	1	1	-1	-1	1	-1	-1	1	-1	1	1	1	1	1	-1	-1	1	1	1	1	1	1	-1	1	-1	1	-1	1	-1	1
binI11300000	1	1	1	1	1	1	1	1	1	-1	-1	1	-1	-1	1	-1	1	1	1	1	1	-1	-1	1	1	1	1	1	1	-1	1	-1	1	-1	1	-1	1
binI11360000	1	1	1	1	1	1	1	1	1	-1	-1	1	-1	-1	1	-1	1	1	1	1	1	-1	-1	1	1	1	1	1	1	-1	1	-1	1	-1	1	-1	1
binI11370000	1	1	1	1	1	1	1	1	1	-1	-1	1	-1	-1	1	-1	1	1	1	1	1	-1	-1	1	1	1	1	1	1	-1	1	-1	1	-1	1	-1	1
binI11560000	1	1	1	1	1	1	1	1	1	-1	-1	1	-1	-1	1	-1	1	1	1	1	1	-1	-1	1	1	1	1	1	1	-1	1	-1	1	-1	1	-1	1
binI11570000	1	1	1	1	1	1	1	1	1	-1	-1	1	-1	-1	1	-1	1	1	1	1	1	-1	-1	1	-1	1	1	1	1	-1	1	-1	1	-1	1	-1	1
binI11780000	1	1	1	1	1	1	1	1	1	-1	-1	1	-1	-1	1	-1	1	1	1	1	1	-1	-1	1	-1	1	1	1	1	-1	1	-1	1	-1	1	-1	1
binI11790000	1	1	1	1	1	1	1	1	1	-1	-1	1	-1	-1	1	-1	1	1	1	1	1	-1	-1	1	-1	1	1	1	1	-1	1	-1	1	-1	1	-1	1
binI11970000	1	1	1	1	1	1	1	1	1	-1	-1	1	-1	-1	1	-1	1	1	1	1	1	-1	-1	1	-1	1	1	1	1	-1	1	-1	1	-1	1	-1	1
binI11980000	1	1	1	1	1	1	1	1	1	-1	-1	1	-1	-1	1	-1	1	1	1	1	1	-1	-1	1	-1	1	1	1	1	-1	1	-1	1	-1	1	-1	1
binI12180000	1	1	1	1	1	1	1	1	1	-1	-1	1	-1	-1	1	-1	1	1	1	1	1	-1	-1	1	-1	1	1	1	1	-1	1	-1	1	-1	1	-1	1
binI12190000	1	1	1	1	1	1	1	1	1	-1	-1	1	-1	-1	1	-1	1	1	1	1	1	-1	-1	1	-1	1	1	1	1	-1	1	-1	1	-1	1	-1	1
binI12410000	1	1	1	1	1	1	1	1	1	-1	-1	1	-1	-1	1	-1	1	1	1	1	1	-1	-1	1	-1	1	1	1	1	-1	1	-1	1	-1	1	-1	1
binI12420000	1	1	1	1	1	1	1	1	1	-1	-1	1	-1	-1	1	-1	1	1	1	1	1	-1	-1	1	-1	1	1	1	1	-1	1	-1	1	-1	1	-1	1
binI12560000	1	1	1	1	1	1	1	1	1	-1	-1	1	-1	-1	1	-1	1	1	1	1	1	-1	-1	1	-1	1	1	1	1	-1	1	-1	1	-1	1	-1	1
binI12570000	1	1	1	1	1	1	1	1	1	-1	-1	1	-1	-1	1	-1	1	1	1	1	1	-1	-1	1	-1	1	1	1	1	-1	1	-1	1	-1	1	-1	1
binI12700000	1	1	1	1	1	1	1	1	1	-1	-1	1	-1	-1	1	-1	1	1	1	1	1	-1	-1	1	-1	1	1	1	1	-1	1	-1	1	-1	1	-1	1
binI12710000	1	1	1	1	1	1	1	1	1	-1	-1	1	-1	-1	1	-1	1	1	1	1	1	-1	-1	1	-1	1	1	1	1	-1	1	-1	1	-1	1	-1	1
binI13850000	1	1	1	1	1	1	1	1	1	-1	-1	1	-1	-1	1	-1	1	1	1	1	1	-1	-1	1	-1	1	1	1	1	-1	-1	-1	1	-1	1	-1	1
binI13860000	1	1	1	1	1	1	1	1	1	-1	-1	1	-1	-1	1	-1	1	1	1	1	1	-1	-1	1	-1	1	1	1	1	-1	-1	-1	1	-1	1	-1	1
binI13870000	1	1	1	1	1	1	1	1	1	-1	-1	1	-1	-1	1	-1	1	1	1	1	1	-1	-1	1	-1	1	1	1	1	-1	-1	-1	1	-1	1	-1	1
binI13880000	1	1	1	1	1	1	1	1	1	-1	-1	1	-1	-1	1	-1	1	1	1	1	1	-1	-1	1	-1	1	1	1	1	-1	-1	-1	1	-1	-1	-1	1
binI14660000	1	1	1	1	1	1	1	1	1	-1	-1	1	-1	-1	1	-1	1	1	1	1	1	-1	-1	1	-1	1	1	-1	1	-1	-1	-1	1	-1	-1	-1	1
binI14670000	1	1	1	1	1	1	1	1	1	-1	-1	1	-1	-1	1	-1	1	1	1	1	1	-1	-1	1	-1	1	1	-1	1	-1	-1	-1	1	-1	-1	-1	1
binI14680000	1	1	1	1	1	1	1	1	1	-1	-1	1	-1	-1	1	-1	1	1	1	1	1	-1	-1	1	-1	1	1	-1	1	-1	-1	-1	1	-1	-1	-1	1
binI14690000	1	1	1	1	1	1	1	1	1	-1	-1	1	-1	-1	1	-1	1	1	1	1	1	-1	-1	1	-1	1	1	-1	1	-1	-1	-1	1	-1	-1	-1	1
binI14820000	1	1	1	1	1	1	1	1	1	-1	-1	1	-1	-1	1	-1	1	1	1	1	1	-1	-1	1	-1	1	1	-1	1	-1	-1	-1	1	-1	-1	-1	1
binI14830000	1	1	1	1	1	1	1	1	1	-1	-1	1	-1	-1	1	-1	1	1	1	1	1	-1	-1	1	-1	1	1	-1	1	-1	-1	-1	1	-1	-1	-1	1
binI15072423	1	1	1	1	1	1	1	1	1	-1	-1	1	-1	-1	1	-1	1	1	1	1	1	-1	-1	1	-1	1	1	-1	1	-1	-1	-1	1	-1	-1	-1	1
binII10000	-1	1	-1	-1	1	-1	-1	-1	-1	1	-1	-1	1	1	1	1	-1	-1	-1	1	-1	-1	1	1	1	-1	-1	-1	1	1	-1	-1	-1	-1	1	1	-1
binII690000	-1	1	-1	-1	1	-1	-1	-1	-1	1	-1	-1	1	1	1	1	-1	-1	-1	1	-1	-1	1	1	1	-1	-1	-1	1	1	-1	-1	-1	-1	1	1	-1
binII700000	-1	1	-1	-1	1	-1	-1	-1	-1	1	-1	-1	1	1	1	1	-1	-1	-1	1	-1	-1	1	1	1	-1	-1	-1	1	1	-1	-1	-1	-1	1	1	-1
binII1300000	-1	1	-1	-1	1	-1	-1	-1	-1	1	-1	-1	1	1	1	1	-1	-1	-1	1	-1	-1	1	1	1	-1	-1	-1	1	1	-1	-1	-1	-1	1	1	-1
binII1310000	-1	1	-1	-1	1	-1	-1	-1	-1	1	-1	-1	1	1	1	1	-1	-1	-1	1	-1	-1	1	1	1	-1	-1	-1	1	1	-1	-1	-1	-1	1	1	-1
binII1670000	-1	1	-1	1	1	-1	-1	-1	-1	1	-1	-1	1	1	1	1	-1	-1	-1	1	-1	-1	1	1	1	-1	-1	-1	1	1	-1	-1	-1	-1	1	1	-1
binII1680000	-1	1	-1	1	1	-1	-1	-1	-1	1	-1	-1	1	1	1	1	-1	-1	-1	1	-1	-1	1	1	1	-1	-1	-1	1	1	-1	-1	-1	-1	1	1	-1
binII2200000	-1	1	-1	1	1	-1	-1	-1	-1	1	-1	-1	1	1	1	1	-1	-1	-1	1	-1	-1	1	1	1	-1	-1	-1	1	1	-1	-1	-1	-1	1	1	-1
binII2210000	-1	1	-1	1	1	-1	-1	-1	-1	1	-1	-1	1	1	1	1	-1	-1	-1	1	-1	-1	1	1	1	-1	-1	-1	1	1	-1	-1	-1	-1	1	1	-1
binII2470000	-1	1	-1	1	1	-1	-1	-1	-1	1	-1	-1	1	1	1	1	-1	-1	-1	1	-1	-1	1	-1	1	-1	-1	-1	1	1	-1	-1	-1	-1	1	1	-1
binII2480000	-1	1	-1	1	1	-1	-1	-1	-1	1	-1	-1	1	1	1	1	-1	-1	-1	1	-1	-1	1	-1	1	-1	-1	-1	1	1	-1	-1	-1	-1	1	1	-1
binII2530000	-1	1	-1	1	1	-1	-1	-1	-1	1	-1	-1	1	1	1	1	-1	-1	-1	1	-1	-1	1	-1	1	-1	-1	-1	1	1	-1	-1	-1	-1	1	1	-1
binII2540000	-1	1	-1	1	1	-1	-1	-1	-1	1	1	-1	1	1	1	1	-1	-1	-1	1	-1	-1	1	-1	1	-1	-1	-1	1	1	-1	-1	-1	-1	1	1	-1
binII2620000	-1	1	-1	1	1	-1	-1	-1	-1	1	1	-1	1	1	1	1	-1	-1	-1	1	-1	-1	1	-1	1	-1	-1	-1	1	1	-1	-1	-1	-1	1	1	-1
binII2630000	-1	1	-1	1	1	-1	-1	-1	-1	1	1	-1	1	1	1	1	-1	-1	-1	1	-1	-1	1	-1	1	-1	-1	-1	1	1	-1	-1	-1	-1	1	1	-1
binII2640000	-1	1	-1	1	1	-1	-1	-1	-1	1	1	-1	1	1	1	1	-1	-1	-1	1	-1	-1	1	-1	1	-1	-1	-1	1	1	-1	-1	-1	-1	1	1	-1
binII2760000	-1	1	-1	1	1	-1	-1	-1	-1	1	1	-1	1	1	1	1	-1	-1	-1	1	-1	-1	1	-1	1	-1	-1	-1	1	1	-1	-1	-1	-1	1	1	-1
binII2770000	-1	1	-1	1	1	-1	-1	-1	-1	1	1	-1	1	1	1	1	-1	-1	-1	1	-1	-1	1	-1	1	-1	-1	-1	1	1	-1	-1	-1	-1	1	1	-1
binII2830000	-1	1	-1	1	1	-1	-1	-1	-1	1	1	-1	1	1	1	1	-1	-1	-1	1	-1	-1	1	-1	1	-1	-1	-1	1	1	-1	-1	-1	-1	1	1	-1
binII2840000	-1	1	-1	1	1	-1	-1	-1	-1	1	1	-1	1	1	1	1	-1	-1	-1	1	-1	-1	1	-1	1	-1	-1	-1	1	1	-1	-1	-1	-1	1	1	-1
binII2860000	-1	1	-1	1	1	-1	-1	-1	-1	1	1	-1	1	1	1	1	-1	-1	-1	1	-1	-1	1	-1	1	-1	-1	-1	1	1	-1	-1	-1	-1	1	1	-1
binII2870000	-1	1	-1	1	1	-1	-1	-1	-1	1	1	-1	1	1	1	1	-1	-1	-1	1	-1	-1	1	-1	1	-1	-1	-1	1	1	-1	-1	-1	-1	1	1	-1
binII2880000	-1	1	-1	1	1	-1	-1	-1	-1	1	1	-1	1	1	1	1	-1	-1	-1	1	-1	-1	1	-1	1	-1	-1	-1	1	1	-1	-1	-1	-1	1	1	-1
binII3240000	-1	1	-1	1	1	-1	-1	-1	1	1	1	-1	1	1	1	-1	-1	1	-1	1	-1	-1	1	-1	1	-1	-1	-1	-1	1	-1	-1	1	-1	1	-1	-1
binII3250000	-1	1	-1	1	1	-1	-1	-1	1	1	1	-1	1	1	1	-1	-1	1	-1	1	-1	-1	1	-1	1	-1	-1	-1	-1	1	-1	-1	1	-1	1	-1	-1
binII3280000	-1	1	-1	1	1	-1	-1	-1	1	1	1	-1	1	1	1	-1	-1	1	-1	1	-1	-1	1	-1	1	-1	-1	-1	-1	1	-1	-1	1	-1	1	-1	-1
binII3290000	-1	1	-1	1	1	-1	-1	-1	1	1	1	-1	1	1	1	-1	-1	1	-1	1	-1	-1	1	-1	1	-1	-1	-1	-1	1	-1	-1	1	-1	1	-1	-1
binII3480000	-1	1	-1	1	1	-1	-1	-1	1	1	1	-1	1	1	1	-1	-1	1	-1	1	-1	-1	1	-1	1	-1	-1	-1	-1	1	-1	-1	1	-1	1	-1	-1
binII3490000	-1	1	-1	1	1	-1	-1	-1	1	1	1	-1	1	1	1	-1	-1	1	-1	1	-1	-1	1	-1	1	-1	-1	-1	-1	1	-1	-1	1	-1	1	-1	-1
binII3580000	-1	1	-1	1	1	-1	-1	-1	1	1	1	-1	1	1	1	-1	-1	1	-1	1	-1	-1	1	-1	1	-1	-1	-1	-1	1	-1	-1	1	-1	1	-1	-1
binII3590000	-1	1	-1	1	1	-1	-1	-1	1	1	1	-1	1	1	1	-1	-1	1	-1	1	-1	-1	1	-1	1	-1	-1	-1	-1	1	-1	-1	1	-1	1	-1	-1
binII3880000	-1	1	-1	-1	1	-1	-1	-1	1	1	1	-1	1	1	1	-1	-1	1	-1	1	-1	-1	-1	-1	1	-1	-1	-1	-1	1	-1	-1	1	-1	1	-1	-1
binII3890000	-1	1	-1	-1	1	-1	-1	-1	1	1	1	-1	1	1	1	-1	-1	1	-1	1	-1	-1	-1	-1	1	-1	-1	-1	-1	1	-1	-1	1	-1	1	-1	-1
binII4560000	-1	1	-1	-1	1	-1	-1	-1	1	1	1	-1	1	1	1	-1	-1	1	-1	1	-1	-1	-1	-1	1	-1	-1	-1	-1	1	-1	-1	1	-1	1	-1	-1
binII4570000	-1	1	-1	-1	1	-1	-1	-1	1	1	1	-1	1	1	1	-1	-1	1	-1	1	-1	-1	-1	-1	1	-1	-1	-1	-1	1	-1	-1	1	-1	1	-1	-1
binII5020000	-1	1	-1	-1	1	-1	-1	-1	1	1	1	-1	1	1	1	-1	-1	1	-1	1	-1	-1	-1	-1	1	-1	-1	-1	-1	1	-1	-1	1	-1	1	-1	-1
binII5030000	-1	1	-1	-1	1	-1	-1	-1	1	1	1	-1	1	1	1	-1	-1	1	-1	1	-1	-1	-1	-1	1	-1	-1	-1	-1	1	-1	-1	1	-1	1	-1	-1
binII5400000	-1	1	-1	-1	1	-1	-1	-1	1	1	1	-1	1	1	1	-1	-1	1	-1	1	-1	-1	-1	-1	1	-1	-1	-1	-1	1	-1	-1	1	-1	1	-1	-1
binII5410000	-1	1	-1	-1	1	-1	-1	-1	1	1	1	-1	1	1	1	-1	-1	1	-1	1	-1	-1	-1	-1	1	-1	-1	-1	-1	1	-1	-1	1	-1	1	-1	-1
binII5580000	-1	1	-1	-1	1	-1	-1	-1	1	1	1	-1	1	1	1	-1	-1	1	-1	1	-1	-1	-1	-1	1	-1	-1	-1	-1	1	-1	-1	1	-1	1	-1	-1
binII5590000	-1	1	-1	-1	1	-1	-1	-1	1	1	1	-1	1	1	1	-1	-1	1	-1	1	-1	-1	-1	-1	1	-1	-1	-1	-1	1	-1	-1	1	-1	1	-1	-1
binII5650000	-1	1	-1	-1	1	-1	-1	-1	1	1	1	-1	1	1	1	-1	-1	1	-1	1	-1	-1	-1	-1	1	-1	-1	-1	-1	1	-1	-1	1	-1	1	-1	-1
binII5660000	-1	1	-1	-1	1	-1	-1	-1	1	-1	1	-1	1	1	1	-1	-1	1	-1	1	-1	-1	-1	-1	1	-1	-1	-1	-1	1	-1	-1	1	-1	1	-1	-1
binII7940000	-1	1	-1	-1	1	-1	-1	-1	1	-1	1	-1	1	1	1	-1	-1	1	-1	1	-1	-1	-1	-1	1	-1	-1	-1	-1	1	-1	-1	1	-1	1	-1	-1
binII7950000	-1	1	-1	-1	1	-1	-1	-1	1	-1	1	-1	1	1	1	-1	-1	1	-1	1	-1	-1	-1	-1	1	-1	-1	-1	-1	1	-1	-1	1	-1	1	-1	-1
binII8730000	-1	1	-1	-1	1	-1	-1	-1	1	-1	1	-1	1	1	1	-1	-1	1	-1	1	-1	-1	-1	-1	1	-1	-1	-1	1	1	-1	-1	1	-1	1	-1	-1
binII8740000	-1	1	-1	-1	1	-1	-1	-1	1	-1	1	-1	1	1	1	-1	-1	1	-1	1	-1	-1	-1	-1	1	-1	-1	-1	1	1	-1	-1	1	-1	1	-1	-1
binII11000000	-1	1	-1	-1	1	-1	-1	-1	1	-1	1	-1	1	1	1	-1	-1	1	-1	1	-1	-1	-1	-1	1	-1	-1	-1	1	1	-1	-1	1	-1	1	-1	-1
binII11010000	-1	1	-1	-1	1	-1	-1	-1	1	-1	1	-1	1	1	1	-1	-1	1	-1	1	-1	-1	-1	-1	1	-1	-1	-1	1	1	-1	-1	1	-1	1	-1	-1
binII11800000	1	1	-1	-1	1	-1	-1	-1	1	-1	1	-1	1	1	1	-1	-1	1	-1	1	-1	-1	-1	-1	1	-1	-1	-1	1	1	-1	-1	1	-1	1	-1	-1
binII11810000	1	1	-1	-1	1	-1	-1	-1	1	-1	1	-1	1	1	1	-1	-1	1	-1	1	-1	-1	-1	-1	1	-1	-1	-1	1	1	-1	-1	1	-1	1	-1	-1
binII11820000	1	1	-1	-1	1	-1	-1	-1	1	-1	1	-1	1	1	1	-1	-1	1	-1	1	-1	-1	-1	-1	1	-1	-1	-1	1	1	-1	-1	1	-1	1	-1	-1
binII11830000	1	1	-1	-1	1	-1	-1	-1	1	-1	1	-1	1	1	1	-1	-1	1	-1	1	-1	-1	-1	-1	1	-1	-1	-1	1	1	-1	-1	1	-1	1	-1	-1
binII11930000	1	1	-1	-1	1	-1	-1	-1	1	-1	1	-1	1	1	1	-1	-1	1	-1	1	-1	-1	-1	-1	1	-1	-1	-1	1	1	-1	-1	1	-1	1	-1	-1
binII11940000	1	1	-1	-1	1	-1	-1	-1	1	-1	1	-1	1	1	1	-1	-1	1	-1	1	-1	-1	-1	-1	1	-1	-1	-1	1	1	-1	-1	1	-1	1	-1	-1
binII11980000	1	1	-1	-1	1	-1	-1	-1	1	-1	1	-1	1	1	1	-1	-1	1	-1	1	-1	-1	-1	-1	1	-1	-1	-1	1	1	-1	-1	1	-1	1	-1	-1
binII11990000	1	1	-1	-1	1	-1	1	-1	1	-1	1	-1	1	1	1	-1	-1	1	-1	1	-1	-1	-1	-1	1	-1	-1	-1	1	1	-1	-1	1	-1	1	-1	-1
binII12000000	1	1	-1	-1	1	-1	1	-1	1	-1	1	-1	1	1	1	-1	-1	1	-1	1	-1	-1	-1	-1	1	-1	-1	-1	1	1	-1	-1	1	-1	1	-1	-1
binII12010000	1	1	-1	-1	1	-1	1	-1	1	-1	1	-1	1	1	1	-1	-1	1	-1	-1	-1	-1	-1	-1	1	-1	-1	-1	1	1	-1	-1	1	-1	1	-1	-1
binII12110000	1	1	-1	-1	1	-1	1	-1	1	-1	1	-1	1	1	1	-1	-1	1	-1	-1	-1	-1	-1	-1	1	-1	-1	-1	1	1	-1	-1	1	-1	1	-1	-1
binII12120000	1	1	-1	-1	1	-1	1	-1	1	-1	1	-1	1	1	1	-1	-1	1	-1	-1	-1	-1	-1	-1	1	-1	-1	-1	1	1	-1	-1	1	-1	1	-1	-1
binII12200000	1	1	1	-1	1	-1	1	-1	1	-1	1	-1	1	-1	1	-1	1	1	-1	-1	-1	-1	-1	-1	1	-1	-1	-1	-1	1	-1	-1	1	-1	1	-1	-1
binII12210000	1	1	1	-1	1	-1	1	-1	1	-1	1	-1	1	-1	1	-1	1	1	-1	-1	-1	-1	-1	-1	1	-1	-1	-1	-1	1	-1	-1	1	-1	1	-1	-1
binII12220000	1	1	1	-1	1	-1	1	-1	1	-1	1	-1	1	-1	1	-1	1	1	-1	-1	-1	-1	-1	-1	1	-1	-1	-1	-1	1	-1	-1	1	-1	1	-1	-1
binII12230000	1	1	1	-1	1	-1	1	-1	1	-1	1	-1	1	-1	1	-1	1	1	-1	-1	-1	-1	-1	-1	1	-1	-1	-1	-1	1	-1	-1	1	-1	1	-1	-1
binII12240000	1	1	1	-1	1	-1	1	-1	1	-1	1	-1	1	-1	1	-1	1	1	-1	-1	-1	-1	-1	-1	1	-1	-1	-1	-1	1	-1	-1	1	-1	1	-1	-1
binII12250000	1	1	1	-1	1	-1	1	-1	1	-1	1	-1	1	-1	1	-1	1	1	-1	-1	-1	-1	-1	-1	1	-1	-1	-1	-1	1	-1	-1	1	-1	1	-1	-1
binII12280000	1	1	1	-1	1	-1	1	-1	1	-1	1	-1	1	-1	1	-1	1	1	-1	-1	-1	-1	-1	-1	1	-1	-1	-1	-1	1	-1	-1	1	-1	1	-1	-1
binII12290000	1	1	1	-1	1	-1	1	-1	1	-1	1	-1	1	-1	1	-1	1	1	-1	-1	-1	-1	-1	-1	1	-1	-1	-1	-1	1	-1	-1	1	-1	1	-1	-1
binII12340000	1	1	1	-1	1	-1	1	-1	1	-1	1	-1	1	-1	1	-1	1	1	-1	-1	-1	-1	-1	-1	1	-1	-1	-1	-1	1	-1	-1	1	-1	1	-1	-1
binII12350000	1	1	1	-1	1	-1	1	-1	1	-1	1	-1	1	-1	1	-1	1	1	-1	-1	-1	-1	-1	-1	1	-1	-1	-1	-1	1	-1	-1	1	-1	1	-1	-1
binII12580000	1	1	1	-1	1	-1	1	-1	1	-1	1	-1	1	-1	1	-1	1	1	-1	-1	-1	-1	-1	-1	1	-1	-1	-1	-1	1	-1	-1	1	-1	1	-1	-1
binII12590000	1	1	1	-1	1	-1	1	-1	1	-1	1	-1	1	-1	1	-1	1	1	-1	-1	-1	-1	-1	-1	1	-1	-1	-1	-1	1	-1	-1	1	-1	1	-1	-1
binII12600000	1	1	1	-1	1	-1	1	-1	1	-1	1	-1	1	-1	1	-1	1	1	-1	-1	-1	-1	-1	-1	1	-1	-1	-1	-1	1	-1	-1	1	-1	1	-1	-1
binII12970000	1	1	1	-1	1	-1	1	-1	1	-1	1	-1	1	-1	1	-1	1	1	-1	-1	-1	-1	1	-1	1	1	-1	-1	-1	-1	-1	-1	1	-1	1	-1	-1
binII12980000	1	1	1	-1	1	-1	1	-1	1	-1	1	-1	1	-1	1	-1	1	1	-1	-1	-1	-1	1	-1	1	1	-1	-1	-1	-1	-1	-1	1	-1	1	-1	-1
binII12990000	1	1	1	-1	1	-1	1	-1	1	-1	1	-1	1	-1	1	-1	1	1	-1	-1	-1	-1	1	-1	1	1	-1	-1	-1	-1	-1	-1	1	-1	1	-1	-1
binII13000000	1	1	1	-1	1	-1	1	-1	1	-1	1	-1	1	-1	1	-1	1	1	-1	-1	-1	-1	1	-1	1	1	-1	-1	-1	-1	-1	-1	1	-1	1	-1	-1
binII13030000	1	1	1	-1	1	-1	1	-1	1	-1	1	-1	1	-1	1	-1	1	1	-1	-1	-1	-1	1	-1	1	1	-1	-1	-1	-1	-1	-1	1	-1	1	-1	-1
binII13040000	1	1	1	-1	1	-1	1	-1	1	-1	1	-1	1	-1	1	-1	1	1	-1	-1	-1	-1	1	-1	1	1	-1	-1	-1	-1	-1	-1	1	-1	1	-1	-1
binII13060000	1	1	1	-1	1	-1	1	-1	1	-1	1	-1	1	-1	1	-1	1	1	-1	-1	-1	-1	1	-1	1	1	-1	-1	-1	-1	-1	-1	1	-1	1	-1	-1
binII13070000	1	1	1	-1	1	-1	1	-1	1	-1	1	-1	1	-1	1	-1	1	1	-1	-1	-1	-1	1	-1	1	1	-1	-1	-1	-1	-1	-1	1	-1	1	-1	-1
binII13080000	1	1	1	-1	1	-1	1	-1	1	-1	1	-1	1	-1	1	-1	1	1	-1	-1	-1	-1	1	-1	1	1	-1	-1	-1	-1	-1	-1	1	-1	1	-1	-1
binII13160000	1	1	1	-1	1	-1	1	-1	1	-1	1	-1	1	-1	1	-1	1	1	-1	-1	-1	-1	1	-1	1	1	-1	-1	-1	-1	-1	-1	1	-1	1	-1	-1
binII13170000	1	1	1	-1	1	-1	1	-1	1	-1	1	-1	1	-1	1	-1	1	1	-1	-1	-1	-1	1	-1	1	1	-1	-1	-1	-1	-1	-1	1	-1	1	-1	-1
binII13180000	1	1	1	-1	1	-1	1	-1	1	-1	1	-1	1	-1	1	-1	1	1	-1	-1	-1	-1	1	-1	1	1	-1	-1	-1	-1	-1	-1	1	-1	1	-1	-1
binII13190000	1	1	1	-1	1	-1	1	-1	1	-1	1	-1	1	-1	1	-1	1	1	-1	-1	-1	-1	1	-1	1	1	-1	-1	-1	-1	-1	-1	1	-1	1	-1	-1
binII13350000	1	1	1	-1	1	-1	1	-1	1	-1	1	-1	1	-1	1	-1	1	1	-1	-1	-1	-1	1	-1	1	1	-1	-1	-1	-1	-1	-1	1	-1	1	-1	-1
binII13360000	1	1	1	-1	1	-1	1	-1	1	-1	1	-1	1	-1	1	-1	1	1	-1	-1	-1	-1	1	-1	1	1	-1	-1	-1	-1	-1	-1	1	-1	1	-1	-1
binII13370000	1	1	1	-1	1	-1	1	-1	1	-1	1	-1	1	-1	1	-1	1	1	-1	-1	-1	-1	1	-1	1	1	-1	-1	-1	-1	-1	-1	1	-1	1	-1	-1
binII13380000	1	1	1	-1	1	-1	1	-1	1	1	1	-1	1	-1	1	-1	1	1	-1	-1	-1	-1	1	-1	1	1	-1	-1	-1	-1	-1	-1	1	-1	1	-1	-1
binII13390000	1	1	1	-1	1	-1	1	-1	1	1	1	-1	1	-1	1	-1	1	1	-1	-1	-1	-1	1	-1	1	1	-1	-1	-1	-1	-1	-1	1	-1	1	-1	-1
binII13400000	1	1	1	-1	1	-1	1	-1	1	1	1	-1	1	-1	1	-1	1	1	-1	-1	-1	-1	1	-1	1	1	-1	-1	-1	-1	-1	-1	1	-1	1	-1	-1
binII13410000	1	1	1	-1	1	-1	1	-1	1	1	1	-1	1	-1	1	-1	1	1	-1	-1	-1	-1	1	-1	1	1	-1	-1	-1	-1	-1	-1	1	-1	1	-1	-1
binII13480000	1	1	1	-1	1	-1	1	-1	1	1	1	-1	1	-1	1	-1	1	1	-1	-1	-1	-1	1	-1	1	1	-1	-1	-1	-1	-1	-1	1	-1	1	-1	-1
binII13490000	1	1	1	-1	1	-1	1	-1	1	1	1	-1	1	-1	1	-1	1	1	-1	-1	-1	-1	1	-1	1	1	-1	-1	-1	-1	-1	-1	1	-1	1	-1	-1
binII13720000	1	1	1	-1	1	-1	1	1	1	1	1	1	1	-1	-1	-1	1	1	-1	-1	-1	-1	1	-1	1	-1	-1	-1	-1	-1	-1	-1	1	-1	1	1	-1
binII13730000	1	1	1	-1	1	-1	1	1	1	1	1	1	1	-1	-1	-1	1	1	-1	-1	-1	-1	1	-1	1	-1	-1	-1	-1	-1	-1	-1	1	-1	1	1	-1
binII13880000	1	1	1	-1	1	-1	1	1	1	1	1	1	1	-1	-1	-1	1	1	-1	-1	-1	-1	1	-1	1	-1	-1	-1	-1	-1	-1	-1	1	-1	1	1	-1
binII13890000	1	1	1	-1	1	-1	1	1	1	1	1	1	1	-1	-1	-1	1	1	-1	-1	-1	-1	1	-1	1	-1	1	-1	-1	-1	-1	-1	1	-1	1	1	-1
binII13900000	1	1	1	-1	1	-1	1	1	1	1	1	1	1	-1	-1	-1	1	1	-1	-1	-1	-1	1	-1	1	-1	1	-1	-1	-1	-1	-1	1	-1	1	1	-1
binII13910000	1	1	1	-1	1	-1	1	1	1	1	1	1	1	-1	-1	-1	1	1	-1	-1	-1	-1	1	-1	1	-1	1	-1	-1	-1	-1	-1	1	-1	1	1	-1
binII14160000	1	1	1	-1	1	-1	1	1	1	1	1	1	1	-1	-1	-1	1	1	-1	-1	-1	-1	1	-1	1	-1	1	-1	-1	-1	-1	-1	1	-1	1	1	-1
binII14170000	1	1	1	-1	1	-1	1	1	1	1	1	1	1	-1	-1	-1	1	1	-1	-1	-1	-1	1	-1	1	-1	1	-1	-1	-1	-1	-1	1	-1	1	1	-1
binII14350000	1	1	1	-1	1	-1	1	1	1	1	1	1	1	-1	-1	-1	1	1	-1	-1	-1	-1	1	-1	1	-1	1	-1	-1	-1	-1	-1	1	-1	1	1	-1
binII14360000	1	1	1	-1	1	-1	1	1	1	1	1	1	1	-1	-1	-1	1	1	-1	-1	-1	-1	1	-1	1	-1	1	-1	-1	-1	-1	-1	1	-1	1	1	-1
binII15279345	1	1	1	-1	1	-1	1	1	1	1	1	1	1	-1	-1	-1	1	1	-1	-1	-1	-1	1	-1	1	-1	1	-1	1	-1	-1	-1	1	-1	1	1	-1
binIII10000	-1	1	-1	-1	-1	-1	1	1	-1	-1	-1	-1	-1	1	1	1	-1	1	-1	1	-1	1	-1	-1	1	-1	-1	1	-1	1	1	-1	-1	1	-1	1	-1
binIII600000	-1	1	-1	-1	-1	-1	1	1	-1	-1	-1	-1	-1	1	1	1	-1	1	-1	1	-1	1	-1	-1	1	-1	-1	1	-1	1	1	-1	-1	1	-1	1	-1
binIII610000	-1	1	-1	-1	-1	-1	1	1	-1	-1	-1	-1	-1	1	1	1	-1	1	-1	1	-1	1	-1	-1	1	-1	-1	1	-1	1	1	-1	-1	1	-1	1	-1
binIII990000	-1	1	-1	-1	-1	-1	1	1	-1	-1	-1	-1	-1	1	1	1	-1	1	-1	1	-1	1	-1	-1	1	-1	-1	1	-1	1	1	-1	-1	1	-1	1	-1
binIII1000000	-1	1	-1	-1	-1	-1	1	1	-1	1	-1	-1	-1	1	1	1	-1	1	-1	1	-1	1	-1	-1	1	-1	-1	1	-1	1	1	-1	-1	1	-1	1	-1
binIII1160000	-1	1	-1	-1	-1	-1	1	1	-1	1	-1	-1	-1	1	1	1	-1	1	-1	1	-1	1	-1	-1	1	-1	-1	1	-1	1	1	-1	-1	1	-1	1	-1
binIII1170000	-1	1	-1	-1	-1	-1	1	1	-1	1	-1	-1	-1	1	1	1	-1	1	-1	1	-1	1	-1	-1	1	-1	-1	1	-1	1	1	-1	-1	1	-1	1	-1
binIII1540000	-1	1	1	-1	-1	-1	1	1	-1	1	-1	-1	-1	1	1	1	-1	1	-1	1	1	1	-1	-1	1	-1	-1	1	-1	1	1	-1	-1	1	-1	1	-1
binIII1550000	-1	1	1	-1	-1	-1	1	1	-1	-1	-1	-1	-1	1	1	1	-1	1	-1	1	1	1	-1	-1	1	-1	-1	1	-1	1	1	-1	-1	1	-1	1	-1
binIII1840000	-1	1	1	-1	-1	-1	1	1	-1	-1	-1	-1	-1	1	1	1	-1	1	-1	1	1	1	-1	-1	1	-1	-1	1	-1	1	1	-1	-1	1	-1	1	-1
binIII1850000	-1	1	1	-1	-1	-1	1	1	-1	-1	-1	-1	-1	1	1	1	-1	1	-1	1	1	1	-1	-1	1	-1	-1	1	-1	1	1	-1	-1	1	-1	1	-1
binIII1890000	-1	1	1	-1	-1	-1	1	1	-1	-1	-1	-1	-1	1	1	1	-1	1	-1	1	1	1	-1	-1	1	-1	-1	1	-1	1	1	-1	-1	1	-1	1	-1
binIII1900000	-1	1	1	-1	-1	-1	1	1	-1	-1	-1	-1	-1	1	1	1	-1	1	-1	1	1	1	-1	-1	1	-1	-1	1	-1	1	1	-1	-1	1	-1	1	-1
binIII1960000	-1	1	1	-1	-1	-1	1	1	-1	-1	-1	-1	-1	1	1	1	-1	1	-1	1	1	1	-1	-1	1	-1	-1	1	-1	1	1	-1	-1	1	-1	1	-1
binIII1970000	-1	1	1	-1	-1	-1	1	1	-1	1	-1	-1	-1	1	1	1	-1	1	-1	1	1	1	-1	-1	1	-1	-1	1	-1	1	1	-1	-1	1	-1	1	-1
binIII1980000	-1	1	1	-1	-1	-1	1	1	-1	1	-1	-1	-1	1	1	1	-1	1	-1	1	1	1	-1	-1	1	-1	-1	1	-1	1	1	-1	-1	1	-1	1	-1
binIII1990000	-1	1	1	-1	-1	-1	1	1	-1	1	-1	-1	-1	1	1	1	-1	1	-1	1	1	1	-1	-1	1	-1	1	1	-1	1	1	-1	-1	1	-1	1	-1
binIII2050000	-1	1	1	-1	-1	-1	1	1	-1	1	-1	-1	-1	1	1	1	-1	1	-1	1	1	1	-1	-1	1	-1	1	1	-1	1	1	-1	-1	1	-1	1	-1
binIII2060000	-1	1	1	-1	-1	-1	1	1	-1	1	-1	-1	-1	1	1	1	-1	1	-1	1	1	1	-1	-1	1	-1	1	1	-1	1	1	-1	-1	1	-1	1	-1
binIII2320000	-1	1	-1	-1	-1	-1	1	1	-1	1	-1	-1	-1	1	1	1	1	1	-1	1	1	1	-1	-1	1	1	1	1	-1	-1	1	-1	-1	1	-1	1	-1
binIII2330000	-1	1	-1	-1	-1	-1	1	1	-1	1	-1	-1	-1	1	1	1	1	1	-1	1	1	1	-1	-1	1	1	1	1	-1	-1	1	-1	-1	1	-1	1	-1
binIII2430000	-1	1	-1	-1	-1	-1	1	1	-1	1	-1	-1	-1	1	1	1	1	1	-1	1	1	1	-1	-1	1	1	1	1	-1	-1	1	-1	-1	1	-1	1	-1
binIII2440000	-1	1	-1	-1	-1	-1	1	1	-1	1	-1	-1	-1	1	1	1	1	1	-1	1	1	1	-1	-1	1	1	1	1	-1	-1	1	-1	-1	1	-1	1	-1
binIII2510000	-1	1	-1	-1	-1	-1	1	1	-1	1	-1	-1	-1	1	1	1	1	1	-1	1	1	1	-1	-1	1	1	1	1	-1	-1	1	-1	-1	1	-1	1	-1
binIII2520000	-1	1	-1	-1	-1	-1	1	1	-1	1	-1	-1	-1	1	1	1	1	1	-1	1	1	1	-1	-1	1	1	1	1	-1	-1	1	-1	-1	1	-1	1	-1
binIII2560000	-1	1	-1	-1	-1	-1	1	1	-1	1	-1	-1	-1	1	1	1	1	1	-1	1	1	1	-1	-1	1	1	1	1	-1	-1	1	-1	-1	1	-1	1	-1
binIII2570000	-1	1	-1	-1	-1	-1	1	1	-1	1	-1	-1	-1	1	1	1	1	1	-1	1	1	1	-1	-1	1	1	1	1	-1	-1	1	-1	-1	1	-1	1	-1
binIII2690000	-1	1	-1	-1	-1	-1	1	1	-1	1	-1	-1	-1	1	1	1	1	1	-1	1	1	1	-1	-1	1	1	1	1	-1	-1	1	-1	-1	1	-1	1	-1
binIII2700000	-1	1	-1	-1	-1	-1	1	1	-1	1	-1	-1	-1	1	1	1	1	1	-1	1	1	1	-1	-1	-1	1	1	1	-1	-1	1	-1	-1	1	-1	1	-1
binIII2710000	-1	1	-1	-1	-1	-1	1	1	-1	1	-1	-1	-1	1	1	1	1	1	-1	1	1	1	-1	-1	-1	1	1	1	-1	-1	1	-1	-1	1	-1	1	-1
binIII2760000	-1	1	-1	-1	-1	-1	1	1	-1	1	-1	-1	-1	1	1	1	1	1	-1	1	1	1	-1	-1	-1	1	1	1	-1	-1	1	-1	-1	1	-1	1	-1
binIII2770000	-1	1	1	-1	1	-1	1	1	1	1	-1	-1	-1	1	1	1	1	1	-1	1	-1	1	-1	-1	-1	1	1	1	-1	-1	1	-1	-1	1	-1	1	-1
binIII2780000	-1	1	1	-1	1	-1	1	1	1	1	-1	-1	-1	1	1	1	1	1	-1	1	-1	1	-1	-1	-1	1	1	1	-1	-1	1	-1	-1	1	-1	1	-1
binIII2840000	-1	1	1	-1	1	-1	1	1	1	1	-1	-1	-1	1	1	1	1	1	-1	1	-1	1	-1	-1	-1	1	1	1	-1	-1	1	-1	-1	1	-1	1	-1
binIII2850000	-1	1	1	-1	1	-1	1	1	1	1	-1	-1	-1	1	1	1	1	1	-1	1	-1	1	-1	-1	-1	1	1	1	-1	-1	1	-1	-1	1	-1	1	-1
binIII2920000	-1	1	1	-1	1	-1	1	1	1	1	-1	-1	-1	1	1	1	1	1	-1	1	-1	1	-1	-1	-1	1	1	1	-1	-1	1	-1	-1	1	-1	1	-1
binIII2930000	-1	1	1	-1	1	-1	1	1	1	1	-1	-1	-1	1	1	1	1	1	-1	1	-1	1	-1	-1	-1	1	1	1	-1	-1	1	-1	-1	1	-1	1	-1
binIII3070000	-1	1	1	-1	1	-1	1	1	1	1	-1	-1	-1	1	1	1	1	1	-1	1	-1	1	-1	-1	-1	1	1	1	-1	-1	1	-1	-1	1	-1	1	-1
binIII3080000	-1	1	1	-1	1	-1	1	1	1	1	-1	-1	-1	1	1	1	1	1	-1	1	-1	1	-1	-1	-1	1	1	1	-1	-1	1	-1	-1	1	-1	1	-1
binIII3290000	-1	1	1	-1	1	-1	1	1	1	1	-1	-1	-1	1	1	1	1	1	-1	1	-1	1	-1	-1	-1	1	1	1	-1	-1	1	-1	-1	1	-1	1	-1
binIII3300000	-1	1	1	-1	1	-1	1	1	1	1	-1	-1	-1	1	1	1	1	1	-1	1	-1	1	-1	-1	-1	1	1	1	-1	-1	1	-1	-1	1	-1	1	-1
binIII3400000	-1	1	1	-1	1	-1	1	1	1	1	-1	-1	-1	1	1	1	1	1	-1	1	-1	1	-1	-1	-1	1	1	1	-1	-1	1	-1	-1	1	-1	1	-1
binIII3410000	-1	1	1	-1	1	-1	1	1	1	1	-1	-1	-1	1	1	1	1	1	-1	1	-1	1	-1	-1	-1	1	1	1	-1	-1	1	-1	-1	1	-1	1	-1
binIII3890000	-1	1	1	-1	1	1	1	1	1	1	-1	-1	-1	1	1	1	1	1	1	1	-1	1	-1	-1	-1	1	1	1	-1	-1	1	-1	-1	1	-1	1	-1
binIII3900000	-1	1	1	-1	1	1	1	1	1	1	-1	-1	-1	1	1	1	1	1	1	1	-1	1	-1	-1	-1	1	1	1	-1	-1	1	-1	-1	1	-1	1	-1
binIII4290000	-1	1	1	-1	1	1	1	1	1	1	-1	-1	-1	1	1	1	1	1	1	1	-1	1	-1	-1	-1	1	1	1	-1	-1	1	-1	-1	1	-1	1	-1
binIII4300000	-1	1	1	-1	1	1	1	1	1	1	-1	-1	-1	1	1	1	1	1	1	1	-1	1	-1	-1	-1	1	1	1	-1	-1	1	-1	-1	1	-1	1	-1
binIII4310000	-1	1	1	-1	1	1	-1	1	1	1	-1	-1	-1	1	1	1	1	1	1	1	-1	1	-1	-1	-1	1	1	1	-1	-1	1	-1	-1	1	-1	1	-1
binIII5140000	-1	1	1	-1	1	1	-1	1	1	1	-1	-1	-1	1	1	-1	1	1	1	1	-1	1	-1	-1	-1	1	1	1	-1	-1	1	-1	-1	1	-1	1	-1
binIII5150000	-1	1	1	-1	1	1	-1	1	1	1	-1	-1	-1	1	1	-1	1	1	1	1	-1	1	-1	-1	-1	1	1	1	-1	-1	1	-1	-1	1	-1	1	-1
binIII5450000	-1	1	1	-1	1	1	-1	1	1	1	-1	-1	-1	1	1	-1	1	1	1	1	-1	1	-1	-1	-1	1	1	1	-1	-1	1	-1	-1	1	-1	1	-1
binIII5460000	-1	1	1	-1	1	1	-1	1	1	1	-1	-1	-1	1	1	-1	1	1	1	1	-1	1	-1	-1	-1	1	1	1	-1	-1	1	-1	-1	1	-1	1	-1
binIII5470000	-1	1	1	-1	1	1	-1	1	1	1	-1	-1	-1	1	1	-1	1	1	1	1	-1	1	-1	-1	-1	1	1	1	-1	-1	1	-1	-1	1	-1	1	-1
binIII6430000	-1	1	1	-1	1	1	-1	1	1	1	-1	-1	-1	1	1	-1	1	1	1	1	-1	1	-1	-1	-1	1	1	1	-1	-1	1	-1	-1	1	-1	1	-1
binIII6440000	-1	1	1	-1	1	1	-1	1	1	1	-1	-1	-1	1	1	-1	1	1	1	1	-1	1	-1	-1	-1	1	1	1	-1	-1	1	-1	-1	1	-1	1	-1
binIII8010000	-1	1	1	-1	1	1	-1	1	1	1	-1	-1	-1	1	1	-1	1	1	1	1	-1	1	-1	-1	-1	1	1	1	-1	-1	1	-1	-1	1	-1	1	-1
binIII8020000	-1	1	1	-1	1	1	-1	1	1	1	-1	-1	-1	1	1	-1	1	1	1	1	-1	1	-1	-1	-1	1	1	1	-1	-1	1	-1	-1	1	-1	1	-1
binIII8560000	-1	1	1	-1	1	1	-1	1	1	1	-1	-1	-1	1	1	-1	1	1	1	1	-1	1	-1	-1	-1	1	1	1	-1	-1	1	-1	-1	1	-1	1	-1
binIII8570000	-1	1	1	-1	1	1	-1	1	1	1	-1	-1	-1	1	1	-1	1	1	1	1	-1	1	-1	-1	-1	1	1	1	-1	-1	1	-1	-1	1	-1	1	-1
binIII8720000	-1	1	1	-1	1	1	-1	1	1	1	-1	-1	-1	1	1	-1	1	1	1	1	-1	1	-1	-1	-1	1	1	1	-1	-1	1	-1	-1	1	-1	1	-1
binIII8730000	-1	1	1	-1	1	1	-1	1	1	1	-1	-1	-1	1	1	-1	1	1	1	1	-1	1	-1	-1	-1	1	1	1	-1	-1	1	-1	-1	1	-1	1	-1
binIII9000000	-1	1	1	-1	1	1	-1	1	1	1	-1	-1	-1	1	1	-1	1	1	1	1	-1	1	-1	-1	-1	1	1	1	-1	-1	1	-1	-1	1	-1	1	-1
binIII9010000	-1	1	1	-1	1	1	-1	1	1	1	-1	-1	-1	1	1	-1	1	1	1	1	-1	1	-1	-1	-1	1	1	1	-1	-1	1	-1	-1	1	-1	1	-1
binIII9650000	-1	1	1	-1	1	1	-1	1	1	1	-1	-1	-1	1	1	-1	1	1	1	1	-1	1	-1	-1	-1	1	1	1	-1	-1	1	-1	-1	1	-1	1	-1
binIII9660000	-1	1	1	-1	1	1	-1	1	1	1	-1	-1	-1	1	1	-1	1	1	1	1	-1	1	-1	-1	-1	1	1	1	-1	-1	1	-1	-1	1	-1	1	-1
binIII10060000	-1	1	1	-1	1	1	-1	1	1	1	-1	-1	-1	1	1	-1	1	1	1	1	-1	1	-1	-1	-1	1	1	1	-1	-1	1	-1	-1	1	-1	1	-1
binIII10070000	-1	1	1	-1	1	1	-1	1	1	1	-1	-1	-1	1	1	-1	1	1	1	1	-1	1	-1	-1	-1	1	1	1	-1	-1	1	-1	-1	1	-1	1	-1
binIII10950000	-1	1	1	-1	1	1	-1	1	1	1	-1	-1	-1	1	1	-1	1	1	1	1	-1	1	-1	-1	-1	1	1	1	-1	-1	1	-1	-1	1	-1	1	-1
binIII10960000	-1	1	1	-1	1	1	-1	1	1	1	-1	-1	-1	1	1	-1	1	1	1	1	-1	1	-1	-1	-1	1	1	1	-1	-1	1	-1	-1	1	-1	1	-1
binIII11180000	1	1	1	1	1	1	-1	1	1	1	-1	-1	1	1	1	-1	1	-1	1	1	-1	1	-1	-1	-1	1	1	1	1	-1	1	1	-1	1	-1	1	-1
binIII11190000	1	1	1	1	1	1	-1	1	1	1	-1	-1	1	1	1	-1	1	-1	1	1	-1	1	-1	-1	-1	1	1	1	1	-1	1	1	-1	1	-1	1	-1
binIII11200000	1	1	1	1	1	1	-1	1	1	1	-1	-1	1	1	1	-1	1	-1	1	1	-1	1	-1	-1	-1	1	1	1	1	-1	1	1	-1	1	-1	1	-1
binIII11210000	1	1	1	1	1	1	-1	1	1	1	-1	-1	1	1	1	-1	1	-1	1	1	-1	1	-1	-1	-1	1	1	1	1	-1	1	1	-1	1	-1	1	-1
binIII11260000	1	1	1	1	1	1	-1	1	1	1	-1	-1	1	1	1	-1	1	-1	1	1	-1	1	-1	-1	-1	1	1	1	1	-1	1	1	-1	1	-1	1	-1
binIII11270000	1	1	1	1	1	1	1	1	1	1	-1	-1	1	1	1	-1	1	-1	1	1	-1	1	-1	-1	-1	1	1	1	1	-1	1	1	-1	1	-1	1	-1
binIII11290000	1	1	1	1	1	1	1	1	1	1	-1	-1	1	1	1	-1	1	-1	1	1	-1	1	-1	-1	-1	1	1	1	1	-1	1	1	-1	1	-1	1	-1
binIII11300000	1	1	1	1	1	1	1	1	1	1	-1	-1	1	1	1	-1	1	-1	1	1	-1	1	-1	-1	-1	1	1	1	1	-1	1	1	-1	1	-1	1	-1
binIII11310000	1	1	1	1	1	1	1	1	1	1	-1	-1	1	1	1	-1	1	-1	1	1	-1	1	-1	-1	-1	1	1	1	1	-1	1	1	-1	1	-1	1	-1
binIII11320000	1	1	1	1	1	1	1	1	1	1	-1	-1	1	1	1	-1	1	-1	1	-1	-1	1	-1	-1	-1	1	1	1	1	-1	1	1	-1	1	-1	1	-1
binIII11410000	1	1	1	1	1	1	1	1	1	1	-1	-1	1	1	1	-1	1	-1	1	-1	-1	1	-1	-1	-1	1	1	1	1	-1	1	1	-1	1	-1	1	-1
binIII11420000	1	1	1	1	1	1	1	1	1	1	-1	-1	1	1	1	-1	1	-1	1	-1	-1	1	-1	-1	-1	1	1	1	1	-1	1	1	-1	1	-1	1	-1
binIII11570000	1	1	1	1	1	1	1	1	1	1	-1	-1	1	1	1	-1	1	-1	1	-1	-1	1	-1	-1	-1	1	1	1	1	-1	1	1	-1	1	-1	1	-1
binIII11580000	1	1	1	1	1	1	1	1	1	1	-1	-1	1	1	1	-1	1	-1	1	-1	-1	1	-1	-1	-1	1	1	1	1	-1	1	1	-1	1	-1	1	-1
binIII11610000	1	1	1	1	1	1	1	1	1	1	-1	-1	1	1	1	-1	1	-1	1	-1	-1	1	-1	-1	-1	1	1	1	1	-1	1	1	-1	1	-1	1	-1
binIII11620000	1	1	1	1	1	1	1	1	1	1	-1	-1	1	1	1	-1	1	-1	1	-1	-1	1	-1	-1	-1	1	1	1	1	-1	1	1	-1	1	-1	1	-1
binIII11810000	1	1	1	1	1	1	1	1	1	1	-1	-1	1	1	1	-1	1	-1	1	-1	-1	1	-1	-1	-1	1	1	1	1	-1	1	1	-1	1	-1	1	-1
binIII11820000	1	1	1	1	1	1	1	1	1	1	-1	-1	1	1	1	-1	1	-1	1	-1	-1	1	-1	-1	-1	1	1	1	1	-1	1	1	-1	1	-1	1	-1
binIII11920000	1	1	-1	1	-1	1	1	1	1	1	-1	-1	1	1	1	-1	1	-1	1	-1	-1	1	-1	-1	-1	1	1	1	1	-1	1	1	-1	1	-1	1	1
binIII11930000	1	1	-1	1	-1	1	1	1	1	1	-1	-1	1	1	1	-1	1	-1	1	-1	-1	1	-1	-1	-1	1	1	1	1	-1	1	1	-1	1	-1	1	1
binIII12130000	1	1	-1	1	-1	1	1	1	1	1	-1	-1	1	1	1	-1	1	-1	1	-1	-1	1	-1	-1	-1	1	1	1	1	-1	1	1	-1	1	-1	1	1
binIII12140000	1	1	-1	1	-1	1	1	1	1	1	-1	-1	1	1	1	-1	1	-1	1	-1	-1	1	-1	-1	-1	1	1	1	1	-1	1	1	-1	1	-1	1	1
binIII12380000	1	1	-1	1	-1	1	1	1	1	1	-1	-1	1	1	1	-1	1	-1	1	-1	-1	1	-1	-1	-1	1	1	1	1	-1	1	1	-1	1	-1	1	1
binIII12390000	1	1	-1	1	-1	1	1	1	1	1	-1	-1	1	1	1	-1	1	-1	1	-1	-1	1	-1	-1	-1	1	1	1	1	-1	1	1	-1	1	-1	1	1
binIII12570000	1	-1	-1	1	-1	1	1	1	1	1	-1	-1	1	1	1	-1	1	-1	1	-1	-1	1	-1	-1	-1	1	1	1	1	-1	1	1	-1	1	-1	1	1
binIII12580000	1	-1	-1	1	-1	1	1	1	1	1	-1	-1	1	1	1	-1	1	-1	1	-1	-1	1	-1	-1	-1	1	1	1	1	-1	1	1	-1	1	-1	1	1
binIII12680000	1	-1	-1	1	-1	1	1	1	1	1	-1	-1	1	1	1	-1	1	-1	1	-1	-1	1	-1	-1	-1	1	1	1	1	-1	1	1	-1	1	-1	1	1
binIII12690000	1	-1	-1	1	-1	1	1	1	1	1	-1	-1	1	1	1	-1	1	-1	1	-1	-1	1	-1	-1	-1	1	1	1	1	-1	1	1	-1	1	-1	1	1
binIII12700000	1	-1	-1	1	-1	1	1	1	1	1	-1	-1	1	1	1	-1	1	-1	1	-1	-1	1	-1	-1	-1	1	1	1	1	-1	1	1	-1	1	-1	1	1
binIII12710000	1	-1	-1	1	-1	1	1	1	1	1	-1	-1	1	1	1	-1	1	-1	1	-1	-1	1	-1	-1	-1	1	1	1	1	-1	1	1	-1	1	-1	1	1
binIII12790000	1	-1	-1	1	-1	1	1	1	1	1	-1	-1	1	1	1	-1	1	-1	1	-1	-1	1	-1	-1	-1	1	1	1	1	-1	1	1	-1	1	-1	1	1
binIII12800000	1	-1	-1	1	-1	1	1	1	1	1	-1	-1	1	1	1	-1	1	-1	1	-1	-1	1	-1	-1	-1	1	1	1	1	-1	1	1	-1	1	-1	1	1
binIII13050000	1	-1	-1	1	1	1	1	1	1	1	-1	-1	1	1	1	-1	1	-1	1	-1	-1	1	-1	-1	-1	1	1	1	1	-1	1	1	-1	1	-1	1	1
binIII13060000	1	-1	-1	1	1	1	1	1	1	1	-1	-1	1	1	1	-1	1	-1	1	-1	-1	1	-1	-1	-1	1	1	1	1	-1	1	1	-1	1	-1	1	1
binIII13120000	1	-1	-1	1	1	1	1	1	1	1	-1	-1	1	1	1	-1	1	-1	1	-1	-1	1	-1	-1	-1	1	1	1	1	-1	1	1	-1	1	-1	1	1
binIII13130000	1	-1	-1	1	1	1	1	1	1	1	-1	-1	1	1	1	-1	1	-1	1	-1	-1	1	-1	-1	-1	1	1	1	1	-1	1	1	-1	1	-1	1	1
binIII13783700	1	-1	-1	1	1	1	1	1	1	1	-1	-1	1	1	1	-1	1	-1	1	-1	-1	1	-1	-1	-1	1	1	1	1	-1	1	1	-1	1	-1	1	1
binIV10000	1	-1	-1	-1	-1	1	1	1	-1	1	-1	1	1	-1	-1	-1	-1	1	1	-1	1	1	-1	1	-1	-1	1	1	1	-1	1	1	1	1	-1	1	1
binIV720000	1	-1	-1	-1	-1	1	1	1	-1	1	-1	1	1	-1	-1	-1	-1	1	1	-1	1	1	-1	1	-1	-1	1	1	1	-1	1	1	1	1	-1	1	1
binIV730000	1	-1	-1	-1	-1	1	1	1	-1	1	-1	1	1	-1	-1	-1	-1	1	1	-1	1	1	-1	1	-1	-1	1	1	1	-1	1	1	1	1	-1	1	1
binIV770000	1	-1	-1	-1	-1	1	1	1	-1	1	-1	-1	-1	-1	-1	-1	-1	1	1	-1	1	1	-1	-1	-1	1	1	1	1	1	1	1	1	1	-1	1	-1
binIV780000	1	-1	-1	-1	-1	1	1	1	-1	1	-1	-1	-1	-1	-1	-1	-1	1	1	-1	1	1	-1	-1	-1	1	1	1	1	1	1	1	1	1	-1	1	-1
binIV790000	1	-1	-1	-1	-1	1	1	1	-1	1	-1	-1	-1	-1	-1	-1	-1	1	1	-1	1	1	-1	-1	-1	1	1	1	1	1	1	1	1	1	-1	1	-1
binIV980000	1	-1	-1	-1	-1	1	1	1	-1	1	-1	-1	-1	-1	-1	-1	-1	1	1	-1	1	1	-1	-1	-1	1	1	1	1	1	1	1	1	1	-1	1	-1
binIV990000	1	-1	-1	-1	-1	1	1	1	-1	1	-1	-1	-1	-1	-1	-1	-1	1	1	-1	1	1	-1	-1	-1	1	1	1	1	1	1	1	1	1	-1	1	-1
binIV1000000	1	-1	-1	-1	-1	1	1	1	-1	1	-1	-1	-1	-1	-1	-1	-1	1	1	-1	1	1	-1	-1	-1	1	1	1	1	1	1	1	1	1	-1	1	-1
binIV1070000	1	-1	-1	-1	-1	1	1	1	-1	1	-1	-1	-1	-1	-1	-1	-1	1	1	-1	1	1	-1	-1	-1	1	1	1	1	1	1	1	1	1	-1	1	-1
binIV1080000	1	-1	-1	-1	-1	1	1	1	-1	1	-1	-1	-1	-1	-1	-1	-1	1	1	-1	1	1	-1	-1	-1	1	1	1	1	1	1	1	1	1	-1	1	-1
binIV1150000	1	-1	-1	-1	-1	1	1	1	-1	1	-1	-1	-1	-1	-1	-1	-1	1	1	-1	1	1	-1	-1	-1	1	1	1	1	1	1	1	1	1	-1	1	-1
binIV1160000	1	-1	-1	-1	-1	1	1	1	-1	1	-1	-1	-1	-1	-1	-1	-1	1	1	1	1	1	-1	-1	-1	1	1	1	1	1	1	1	1	1	-1	1	-1
binIV1270000	1	-1	-1	-1	-1	1	1	1	-1	1	-1	-1	-1	-1	-1	-1	-1	1	1	1	1	1	-1	-1	-1	1	1	1	1	1	1	1	1	1	-1	1	-1
binIV1280000	1	-1	-1	-1	-1	1	1	1	-1	1	-1	-1	-1	-1	-1	-1	-1	1	1	1	1	1	-1	-1	-1	1	1	1	1	1	1	1	1	1	-1	1	-1
binIV1320000	1	-1	-1	-1	-1	1	1	1	-1	1	-1	-1	-1	-1	-1	-1	-1	1	1	1	1	1	-1	-1	-1	1	1	1	1	1	1	1	1	1	-1	1	-1
binIV1330000	1	-1	-1	-1	-1	1	1	1	-1	1	-1	-1	-1	-1	-1	-1	-1	1	1	1	1	1	-1	-1	-1	1	1	1	1	1	1	1	1	1	-1	1	-1
binIV1390000	1	-1	-1	-1	-1	1	1	1	-1	1	-1	-1	-1	-1	-1	-1	-1	1	1	1	1	1	-1	-1	-1	1	1	1	1	1	1	1	1	1	-1	1	-1
binIV1400000	1	-1	-1	-1	-1	1	1	1	-1	1	-1	-1	-1	-1	-1	-1	-1	1	1	1	1	1	-1	-1	-1	1	1	1	1	1	1	1	1	1	-1	1	-1
binIV1410000	1	-1	-1	-1	-1	1	1	1	-1	1	-1	-1	-1	-1	-1	-1	-1	1	1	1	1	1	-1	-1	-1	1	1	1	1	1	1	1	1	1	-1	1	-1
binIV1470000	1	-1	-1	-1	-1	1	1	1	-1	1	-1	-1	-1	-1	-1	-1	-1	1	1	1	1	1	-1	-1	-1	1	1	1	1	1	1	1	1	1	-1	1	-1
binIV1480000	1	-1	-1	-1	-1	1	1	1	-1	1	-1	-1	-1	-1	-1	-1	-1	1	1	1	1	1	-1	-1	-1	1	1	1	1	1	1	1	1	1	-1	1	-1
binIV1650000	1	-1	-1	-1	-1	1	1	1	-1	1	-1	-1	-1	-1	-1	-1	-1	1	1	1	1	1	-1	-1	-1	1	1	1	1	1	1	1	1	1	-1	1	-1
binIV1660000	1	-1	-1	-1	-1	1	1	1	-1	1	-1	-1	-1	-1	-1	-1	-1	1	1	1	1	1	-1	-1	-1	1	1	1	1	1	1	1	1	1	-1	1	-1
binIV1820000	1	-1	-1	-1	-1	1	1	1	-1	1	-1	-1	-1	-1	-1	-1	-1	1	1	1	1	1	-1	-1	-1	1	1	1	1	1	1	1	1	1	-1	1	-1
binIV1830000	1	-1	-1	-1	-1	1	1	1	-1	1	-1	-1	-1	-1	-1	-1	-1	1	1	1	1	1	-1	-1	-1	1	1	1	1	1	1	1	1	1	-1	1	-1
binIV1920000	-1	-1	-1	-1	-1	1	1	1	-1	1	-1	-1	-1	-1	-1	-1	-1	1	1	1	-1	1	1	-1	-1	1	1	1	1	1	1	-1	1	1	-1	1	-1
binIV1930000	-1	-1	-1	-1	-1	1	1	1	-1	1	-1	-1	-1	-1	-1	-1	-1	1	1	1	-1	1	1	-1	-1	1	1	1	1	1	1	-1	1	1	-1	1	-1
binIV1960000	-1	-1	-1	-1	-1	1	1	1	-1	1	-1	-1	-1	-1	-1	-1	-1	1	1	1	-1	1	1	-1	-1	1	1	1	1	1	1	-1	1	1	-1	1	-1
binIV1970000	-1	-1	-1	-1	-1	1	1	1	-1	1	-1	-1	-1	-1	-1	-1	-1	1	1	1	-1	1	1	-1	-1	1	1	1	1	1	1	-1	1	1	-1	1	-1
binIV1990000	-1	-1	-1	-1	-1	1	1	1	-1	1	-1	-1	-1	-1	-1	-1	-1	1	1	1	-1	1	1	-1	-1	1	1	1	1	1	1	-1	1	1	-1	1	-1
binIV2000000	-1	-1	-1	-1	-1	1	1	1	-1	1	-1	-1	-1	-1	-1	-1	-1	1	1	1	-1	1	1	-1	-1	1	1	1	1	1	1	-1	1	1	-1	1	-1
binIV2040000	-1	-1	-1	-1	-1	1	1	1	-1	1	-1	-1	-1	-1	-1	-1	-1	1	1	1	-1	1	1	-1	-1	1	1	1	1	1	1	-1	1	1	-1	1	-1
binIV2050000	-1	-1	-1	-1	-1	1	1	1	-1	1	-1	-1	-1	-1	-1	-1	-1	1	1	1	-1	1	1	-1	-1	1	1	1	1	1	1	-1	1	1	-1	1	-1
binIV2070000	-1	-1	-1	-1	-1	1	1	1	-1	1	-1	-1	-1	-1	-1	-1	-1	1	1	1	-1	1	1	-1	-1	1	1	1	1	1	1	-1	1	1	-1	1	-1
binIV2080000	-1	-1	-1	-1	-1	1	1	1	-1	1	-1	-1	-1	-1	-1	-1	-1	1	1	1	-1	1	1	-1	-1	1	1	1	1	1	1	-1	1	1	-1	1	-1
binIV2120000	-1	-1	-1	-1	-1	1	1	1	-1	1	-1	-1	-1	-1	-1	-1	-1	1	1	1	-1	1	1	-1	-1	1	1	1	1	1	1	-1	1	1	-1	1	-1
binIV2130000	-1	-1	-1	-1	-1	1	1	1	-1	1	-1	-1	-1	-1	-1	-1	-1	1	1	1	-1	1	1	-1	-1	1	1	1	1	1	1	-1	1	1	-1	1	-1
binIV2190000	-1	-1	-1	-1	-1	1	1	1	-1	1	-1	-1	-1	-1	-1	-1	-1	1	1	1	-1	1	1	-1	-1	1	1	1	1	1	1	-1	1	1	-1	1	-1
binIV2200000	-1	-1	-1	-1	-1	1	1	1	-1	1	-1	-1	-1	-1	-1	-1	-1	1	1	1	-1	1	1	-1	-1	1	1	1	1	1	1	-1	1	1	-1	1	-1
binIV2210000	-1	-1	-1	-1	-1	1	1	1	-1	1	-1	-1	-1	-1	-1	-1	-1	1	1	1	-1	1	1	-1	-1	1	1	1	1	1	1	-1	1	1	-1	1	-1
binIV2220000	-1	-1	-1	-1	-1	1	1	1	-1	1	-1	-1	-1	-1	-1	-1	-1	1	1	1	-1	1	1	-1	-1	1	1	1	1	1	1	-1	1	1	-1	1	-1
binIV2250000	-1	-1	-1	-1	-1	1	1	1	-1	1	-1	-1	-1	-1	-1	-1	-1	1	1	1	-1	1	1	-1	-1	1	1	1	1	1	1	-1	1	1	-1	1	-1
binIV2260000	-1	-1	-1	-1	-1	1	1	1	-1	1	-1	-1	-1	-1	-1	-1	-1	1	1	1	-1	1	1	-1	-1	1	1	1	1	1	1	-1	1	1	-1	1	-1
binIV2270000	-1	-1	-1	-1	-1	1	1	1	-1	1	-1	-1	-1	-1	-1	-1	-1	1	1	1	-1	1	1	-1	-1	1	1	1	1	1	1	-1	1	1	-1	1	-1
binIV2400000	-1	-1	-1	-1	-1	1	1	1	-1	1	-1	-1	-1	-1	-1	-1	-1	1	1	1	-1	1	1	-1	-1	1	1	1	1	1	1	-1	1	1	-1	1	-1
binIV2410000	-1	-1	-1	-1	-1	1	1	1	-1	1	-1	-1	-1	-1	-1	-1	-1	1	1	1	-1	1	1	-1	-1	1	1	1	1	1	1	-1	1	1	-1	1	-1
binIV2440000	-1	-1	-1	-1	-1	1	1	1	-1	1	-1	-1	-1	-1	-1	-1	-1	1	1	1	-1	1	1	-1	-1	1	1	1	1	1	1	-1	1	1	-1	1	-1
binIV2450000	-1	-1	-1	-1	-1	1	1	1	-1	1	-1	-1	-1	-1	-1	-1	-1	1	1	1	-1	1	1	-1	-1	1	1	1	1	1	1	-1	1	1	-1	1	-1
binIV2490000	-1	-1	-1	-1	-1	1	1	1	-1	1	-1	-1	-1	-1	-1	-1	-1	1	1	1	-1	1	1	-1	-1	1	1	1	1	1	1	-1	1	1	-1	1	-1
binIV2500000	-1	-1	-1	-1	-1	1	1	1	-1	1	-1	-1	-1	-1	-1	-1	-1	1	1	1	-1	1	1	-1	-1	1	1	1	1	1	1	-1	1	-1	-1	1	-1
binIV2510000	-1	-1	-1	-1	-1	1	1	1	-1	1	-1	-1	-1	-1	-1	-1	-1	1	1	1	-1	1	1	-1	-1	1	1	1	1	1	1	-1	1	-1	-1	1	-1
binIV2530000	-1	-1	-1	-1	-1	1	1	1	-1	1	-1	-1	-1	-1	-1	-1	-1	1	1	1	-1	1	1	-1	-1	1	1	1	1	1	1	-1	1	-1	-1	1	-1
binIV2540000	-1	-1	-1	-1	-1	1	1	1	-1	1	-1	-1	-1	-1	-1	-1	-1	1	1	1	-1	1	1	-1	-1	1	1	1	1	1	1	-1	1	-1	-1	1	-1
binIV2550000	-1	-1	-1	-1	-1	1	1	1	-1	1	-1	-1	-1	-1	-1	-1	-1	1	1	1	-1	1	1	-1	-1	1	1	1	1	1	1	-1	1	-1	-1	1	-1
binIV2610000	-1	-1	-1	-1	-1	1	1	1	-1	1	-1	-1	-1	-1	-1	-1	-1	1	1	1	-1	1	1	-1	-1	1	1	1	1	1	1	-1	1	-1	-1	1	-1
binIV2620000	-1	-1	-1	-1	-1	1	1	1	-1	1	-1	-1	-1	-1	-1	-1	-1	1	1	1	-1	1	1	-1	-1	1	1	1	1	1	1	-1	1	-1	-1	1	-1
binIV2630000	-1	-1	-1	-1	-1	1	1	1	-1	1	-1	-1	-1	-1	-1	-1	-1	1	1	1	-1	1	1	-1	-1	1	1	1	1	1	1	-1	1	-1	-1	1	-1
binIV2720000	-1	-1	-1	-1	-1	1	1	1	-1	1	-1	1	-1	-1	-1	-1	-1	1	1	1	-1	1	1	-1	-1	1	1	1	1	1	1	1	1	-1	-1	-1	-1
binIV2730000	-1	-1	-1	-1	-1	1	1	1	-1	1	-1	1	-1	-1	-1	-1	-1	1	1	1	-1	1	1	-1	-1	1	1	1	1	1	1	1	1	-1	-1	-1	-1
binIV2740000	-1	-1	-1	-1	-1	1	1	1	-1	1	-1	1	-1	-1	-1	-1	-1	1	1	1	-1	1	1	-1	-1	1	1	1	1	1	1	1	1	-1	-1	-1	-1
binIV2750000	-1	-1	-1	-1	-1	1	1	1	-1	1	-1	1	-1	-1	-1	-1	-1	1	1	1	-1	1	1	-1	-1	1	1	1	1	1	1	1	1	-1	-1	-1	-1
binIV2790000	-1	-1	-1	-1	-1	1	1	1	-1	1	-1	1	-1	-1	-1	-1	-1	1	1	1	-1	1	1	-1	-1	1	1	1	1	1	1	1	1	-1	-1	-1	-1
binIV2800000	-1	-1	-1	-1	-1	1	1	1	-1	1	-1	1	-1	-1	-1	-1	-1	1	1	1	-1	1	1	-1	-1	1	1	1	1	1	1	1	1	1	-1	-1	-1
binIV3470000	-1	-1	-1	-1	-1	1	1	1	-1	1	-1	1	-1	-1	-1	-1	-1	1	1	1	-1	1	1	-1	-1	1	1	1	1	1	1	1	1	1	-1	-1	-1
binIV3480000	-1	-1	-1	-1	-1	1	1	1	-1	1	-1	1	-1	-1	-1	-1	-1	1	1	1	-1	1	1	-1	-1	1	1	1	1	1	1	1	1	1	-1	-1	-1
binIV3800000	-1	-1	-1	-1	-1	1	1	1	1	1	-1	1	-1	-1	-1	-1	-1	1	1	1	-1	1	1	-1	-1	1	1	1	1	1	1	-1	1	1	-1	-1	-1
binIV3810000	-1	-1	-1	-1	-1	1	1	1	1	1	-1	1	-1	-1	-1	-1	-1	1	1	1	-1	1	1	-1	-1	1	-1	1	1	1	1	-1	1	1	-1	-1	-1
binIV4030000	-1	-1	-1	-1	-1	1	1	1	1	1	-1	1	-1	-1	-1	-1	-1	1	1	1	-1	1	1	-1	-1	1	-1	1	1	1	1	-1	1	1	-1	-1	-1
binIV4040000	-1	-1	-1	-1	-1	1	1	1	1	1	-1	1	-1	-1	-1	-1	-1	1	1	1	-1	1	1	-1	1	1	-1	1	1	1	1	-1	1	1	-1	-1	-1
binIV4240000	-1	-1	-1	-1	-1	1	1	1	1	1	-1	1	-1	-1	-1	-1	-1	1	1	1	-1	1	1	-1	1	1	-1	1	1	1	1	-1	1	1	-1	-1	-1
binIV4250000	-1	-1	-1	-1	-1	1	1	1	1	1	-1	1	-1	-1	-1	-1	-1	1	1	1	-1	1	1	-1	1	1	-1	1	1	1	1	-1	1	1	-1	-1	-1
binIV4350000	-1	-1	-1	-1	-1	1	1	1	1	1	-1	1	-1	-1	-1	-1	-1	1	1	1	-1	1	1	-1	1	1	-1	1	1	1	1	-1	1	1	-1	-1	-1
binIV4360000	-1	-1	-1	-1	-1	1	1	1	1	1	-1	1	-1	-1	-1	-1	-1	1	1	1	-1	1	1	-1	1	1	-1	1	1	1	1	-1	1	1	-1	-1	-1
binIV4600000	-1	-1	-1	-1	-1	1	1	1	1	1	-1	1	-1	-1	-1	-1	-1	1	-1	1	-1	1	1	-1	1	1	-1	1	1	1	1	-1	1	1	-1	-1	-1
binIV4610000	-1	-1	-1	-1	-1	1	1	1	1	1	-1	1	-1	-1	-1	-1	-1	1	-1	1	-1	1	1	-1	1	1	-1	1	1	1	1	-1	1	1	-1	-1	-1
binIV5140000	-1	-1	-1	-1	-1	1	1	1	1	1	-1	1	-1	-1	-1	-1	-1	1	-1	1	-1	1	1	-1	1	1	-1	1	1	1	1	-1	1	1	-1	-1	-1
binIV5150000	-1	-1	-1	-1	-1	1	1	1	1	1	-1	1	-1	-1	-1	-1	-1	1	-1	1	-1	1	1	-1	1	1	-1	1	1	1	1	-1	1	1	-1	-1	-1
binIV6440000	-1	-1	-1	-1	-1	1	1	1	1	1	-1	1	-1	-1	-1	-1	-1	1	-1	1	1	1	1	-1	1	1	-1	1	1	1	1	-1	1	1	-1	-1	-1
binIV6450000	-1	-1	-1	-1	-1	1	1	1	1	1	-1	1	-1	-1	-1	-1	-1	1	-1	1	1	1	1	-1	1	1	-1	1	1	1	1	-1	1	1	-1	-1	-1
binIV7920000	-1	-1	-1	-1	-1	1	1	1	1	1	-1	1	-1	-1	-1	-1	-1	1	-1	1	1	1	1	-1	1	1	-1	1	1	1	1	-1	1	1	-1	-1	-1
binIV7930000	-1	-1	-1	-1	-1	1	1	1	1	1	-1	1	-1	-1	-1	-1	-1	1	-1	1	1	-1	1	-1	1	1	-1	1	1	1	1	-1	1	1	-1	-1	-1
binIV8820000	-1	-1	-1	-1	-1	1	1	1	1	1	-1	1	-1	-1	-1	-1	-1	1	-1	1	1	-1	1	-1	1	1	-1	1	1	1	1	-1	1	1	-1	-1	-1
binIV8830000	-1	-1	-1	-1	-1	1	1	1	1	1	-1	1	-1	-1	-1	-1	-1	1	-1	1	1	-1	1	-1	1	1	-1	1	1	1	1	-1	1	1	-1	-1	-1
binIV9070000	-1	-1	-1	-1	-1	1	1	1	1	1	-1	1	-1	-1	-1	-1	-1	1	-1	1	1	-1	1	-1	1	1	-1	1	1	1	1	-1	1	1	-1	-1	-1
binIV9080000	-1	-1	-1	-1	-1	1	1	1	1	1	-1	1	-1	-1	-1	-1	-1	1	-1	1	1	-1	1	-1	1	1	-1	1	1	1	1	-1	1	1	-1	-1	-1
binIV9520000	-1	-1	-1	-1	-1	1	1	1	1	1	-1	1	-1	-1	-1	-1	-1	1	-1	1	1	-1	1	-1	1	1	-1	1	1	1	1	-1	1	1	-1	-1	-1
binIV9530000	-1	-1	-1	-1	-1	1	1	1	1	1	-1	1	-1	-1	-1	-1	-1	1	-1	1	1	-1	1	-1	1	1	-1	1	1	1	1	-1	1	1	-1	-1	-1
binIV9710000	-1	-1	-1	-1	-1	1	1	1	1	1	-1	1	-1	-1	-1	-1	-1	1	-1	1	1	-1	1	-1	1	1	-1	1	1	1	1	-1	1	1	-1	-1	-1
binIV9720000	-1	-1	-1	-1	-1	1	1	1	1	1	-1	1	-1	-1	-1	-1	-1	1	-1	1	1	-1	1	-1	1	1	-1	1	1	1	1	-1	1	1	-1	-1	-1
binIV9860000	-1	-1	-1	-1	-1	1	1	1	1	1	-1	1	-1	-1	-1	-1	-1	1	-1	1	1	-1	1	-1	1	1	-1	1	1	1	1	-1	1	1	-1	-1	-1
binIV9870000	-1	-1	-1	-1	-1	1	1	1	1	1	-1	1	-1	-1	-1	-1	-1	1	-1	1	1	-1	1	-1	1	1	-1	1	1	1	1	-1	1	1	-1	-1	-1
binIV10240000	-1	-1	-1	-1	-1	1	1	1	1	1	-1	1	-1	-1	-1	-1	-1	1	-1	1	1	-1	1	-1	1	1	-1	1	1	1	1	-1	1	1	-1	-1	-1
binIV10250000	-1	-1	-1	-1	-1	1	1	1	1	1	-1	1	-1	-1	-1	-1	-1	1	-1	1	1	-1	1	-1	1	1	-1	1	1	1	1	-1	1	1	-1	-1	-1
binIV10270000	-1	-1	-1	-1	-1	1	1	1	1	1	-1	1	-1	-1	-1	-1	-1	1	-1	1	1	-1	1	-1	1	1	-1	1	1	1	1	-1	1	1	-1	-1	-1
binIV10280000	-1	-1	-1	-1	-1	1	1	1	1	1	-1	1	-1	-1	-1	-1	-1	1	-1	1	1	-1	1	-1	1	1	-1	1	1	1	1	-1	1	1	-1	-1	-1
binIV10290000	-1	-1	-1	-1	-1	1	1	1	1	1	-1	1	-1	-1	-1	-1	-1	1	-1	1	1	-1	1	-1	1	1	-1	1	1	1	1	-1	1	1	-1	-1	-1
binIV10830000	-1	-1	-1	-1	-1	1	1	1	1	1	-1	1	-1	-1	-1	-1	-1	1	-1	1	1	-1	1	-1	1	1	-1	1	1	1	1	-1	1	1	-1	-1	-1
binIV10840000	-1	-1	-1	-1	-1	1	1	1	1	1	-1	1	-1	-1	-1	-1	-1	1	-1	1	1	-1	1	-1	1	1	-1	1	1	1	1	-1	1	1	-1	-1	-1
binIV10890000	-1	-1	-1	-1	-1	1	1	1	1	1	-1	1	-1	-1	-1	-1	-1	1	-1	1	1	-1	1	-1	1	1	-1	1	1	1	1	-1	1	1	-1	-1	-1
binIV10900000	-1	-1	-1	-1	-1	1	1	1	1	1	-1	1	-1	-1	-1	-1	-1	1	-1	1	1	-1	1	-1	1	1	-1	1	1	1	1	-1	1	1	-1	-1	-1
binIV11160000	-1	-1	-1	-1	-1	1	1	1	1	1	-1	1	-1	-1	-1	-1	-1	1	-1	1	1	-1	1	-1	1	1	-1	1	1	1	1	-1	1	1	-1	-1	-1
binIV11170000	-1	-1	-1	-1	-1	1	1	1	1	1	-1	1	-1	-1	-1	-1	-1	1	-1	1	1	-1	1	-1	1	1	-1	1	1	1	1	-1	1	1	-1	-1	-1
binIV11180000	-1	-1	-1	-1	-1	1	1	1	1	1	-1	1	-1	-1	-1	-1	-1	1	-1	1	1	-1	1	-1	1	1	-1	1	1	1	1	-1	1	1	-1	-1	-1
binIV11980000	-1	-1	-1	-1	-1	1	1	1	1	1	-1	1	-1	-1	-1	-1	-1	1	-1	1	1	-1	1	-1	1	1	-1	1	1	1	1	-1	1	1	-1	-1	-1
binIV11990000	-1	-1	-1	-1	-1	1	1	1	1	1	-1	1	-1	-1	-1	-1	-1	1	-1	1	1	-1	1	-1	1	1	-1	1	1	1	1	-1	1	1	-1	-1	-1
binIV12510000	-1	-1	-1	-1	-1	-1	1	-1	1	1	-1	1	-1	-1	-1	1	-1	1	-1	1	1	-1	1	-1	1	1	-1	1	1	1	1	-1	1	1	-1	-1	-1
binIV12520000	-1	-1	-1	-1	-1	-1	-1	-1	1	1	-1	1	-1	-1	-1	1	-1	1	-1	1	1	-1	1	-1	1	1	-1	1	1	1	1	-1	1	1	-1	-1	-1
binIV12740000	-1	-1	-1	-1	-1	-1	-1	-1	1	1	-1	1	-1	-1	-1	1	-1	1	-1	1	1	-1	1	-1	1	1	-1	1	1	1	1	-1	1	1	-1	-1	-1
binIV12750000	-1	-1	-1	-1	-1	-1	-1	-1	1	1	-1	1	-1	-1	-1	1	-1	1	-1	1	1	-1	1	-1	1	1	-1	1	1	1	1	-1	1	1	-1	-1	-1
binIV13170000	-1	-1	-1	-1	-1	-1	-1	-1	1	1	-1	1	-1	-1	-1	1	-1	1	-1	1	1	-1	1	-1	1	1	-1	1	1	1	1	-1	1	1	-1	-1	-1
binIV13180000	-1	-1	-1	-1	-1	-1	-1	-1	1	1	-1	1	-1	-1	-1	1	-1	1	-1	1	1	-1	1	-1	1	1	-1	1	1	1	1	-1	1	1	-1	-1	-1
binIV13290000	-1	-1	-1	1	-1	-1	-1	-1	1	1	-1	1	-1	-1	-1	1	-1	1	-1	1	1	-1	1	-1	1	1	-1	1	1	1	1	-1	1	1	-1	-1	-1
binIV13300000	-1	-1	-1	1	-1	-1	-1	-1	1	1	-1	1	-1	-1	-1	1	-1	1	-1	1	1	-1	1	-1	1	1	-1	1	1	1	1	-1	1	1	-1	-1	-1
binIV13320000	-1	-1	-1	1	-1	-1	-1	-1	1	1	-1	1	-1	-1	-1	1	-1	1	-1	1	1	-1	1	-1	1	1	-1	1	1	1	1	-1	1	1	-1	-1	-1
binIV13330000	-1	-1	-1	1	-1	-1	-1	-1	1	1	-1	1	-1	-1	-1	1	-1	1	-1	1	1	-1	1	-1	1	1	-1	1	1	1	1	-1	1	1	1	-1	-1
binIV13340000	-1	-1	-1	1	-1	-1	-1	-1	1	1	-1	1	-1	-1	-1	1	-1	1	-1	1	1	-1	1	-1	1	1	-1	1	1	1	1	-1	1	1	1	-1	-1
binIV13510000	-1	-1	-1	1	-1	-1	-1	-1	1	1	-1	1	-1	-1	-1	1	-1	1	-1	1	1	-1	1	-1	1	1	-1	1	1	1	1	-1	1	1	1	-1	-1
binIV13520000	-1	-1	-1	1	-1	-1	-1	-1	1	1	-1	1	-1	-1	-1	1	-1	1	-1	1	1	-1	1	-1	1	1	-1	1	1	1	1	-1	1	1	1	-1	-1
binIV14630000	-1	-1	1	1	-1	-1	-1	-1	1	1	-1	1	-1	-1	-1	1	-1	1	-1	1	1	-1	1	-1	1	1	-1	1	1	1	1	-1	1	1	1	-1	-1
binIV14640000	-1	-1	1	1	-1	-1	-1	-1	1	1	-1	1	-1	-1	-1	1	-1	1	-1	1	1	-1	1	-1	1	1	-1	1	1	1	1	-1	1	1	1	-1	-1
binIV14770000	-1	-1	1	1	-1	-1	-1	-1	1	1	-1	1	-1	-1	-1	1	-1	1	-1	1	1	-1	1	-1	1	1	-1	1	1	1	1	-1	1	1	1	-1	-1
binIV14780000	-1	-1	1	1	-1	-1	-1	-1	1	1	-1	1	-1	-1	-1	1	-1	1	-1	1	1	-1	1	-1	1	1	-1	1	1	1	1	-1	1	1	1	-1	-1
binIV14910000	-1	-1	1	1	-1	-1	-1	-1	1	1	-1	1	-1	-1	-1	1	-1	1	-1	1	1	-1	1	-1	1	1	-1	1	1	1	1	-1	1	1	1	-1	-1
binIV14920000	-1	-1	1	1	-1	-1	-1	-1	1	1	-1	1	-1	-1	-1	1	-1	1	-1	1	1	-1	1	-1	1	1	-1	1	1	1	1	-1	1	1	1	-1	-1
binIV15060000	-1	-1	1	1	-1	-1	-1	-1	1	1	-1	1	-1	-1	-1	1	-1	1	-1	1	1	-1	1	-1	1	1	-1	1	1	1	1	-1	1	1	1	-1	-1
binIV15070000	-1	-1	1	1	-1	-1	-1	-1	1	1	-1	1	-1	-1	-1	1	-1	1	-1	-1	1	-1	1	-1	1	1	-1	1	1	1	1	-1	1	1	1	-1	-1
binIV15420000	-1	-1	1	1	-1	-1	-1	-1	1	1	-1	1	-1	-1	-1	1	-1	1	-1	-1	1	-1	1	-1	1	1	-1	1	1	1	1	-1	1	1	1	-1	-1
binIV15430000	-1	-1	1	1	-1	-1	-1	-1	1	1	-1	1	-1	-1	-1	1	-1	1	-1	-1	1	-1	1	-1	1	1	-1	1	1	1	1	-1	1	1	1	-1	-1
binIV15440000	-1	-1	1	1	-1	-1	-1	-1	1	1	1	1	-1	-1	-1	1	-1	1	-1	-1	1	-1	1	-1	1	1	-1	1	1	1	1	-1	1	1	1	-1	-1
binIV15450000	-1	-1	1	1	-1	-1	-1	-1	1	1	1	1	-1	-1	-1	1	-1	1	-1	-1	1	-1	1	-1	1	1	-1	1	1	1	1	-1	1	1	1	-1	-1
binIV15500000	-1	-1	1	1	-1	-1	-1	-1	1	1	1	1	-1	-1	-1	1	-1	1	-1	-1	1	-1	1	-1	1	1	-1	1	1	1	1	-1	1	1	1	-1	-1
binIV15510000	-1	-1	1	1	-1	-1	-1	-1	1	1	1	1	-1	-1	-1	1	-1	1	-1	-1	1	-1	1	-1	1	1	-1	1	1	1	1	-1	1	-1	1	-1	-1
binIV15970000	-1	-1	1	1	-1	-1	-1	-1	1	1	1	1	-1	-1	-1	1	-1	1	-1	-1	1	-1	1	-1	1	1	-1	1	1	1	1	-1	1	-1	1	-1	-1
binIV15980000	-1	-1	1	1	-1	-1	-1	-1	1	1	1	1	-1	-1	-1	1	-1	1	-1	-1	1	-1	1	-1	1	1	-1	1	1	1	1	-1	1	-1	1	-1	-1
binIV16110000	-1	-1	1	1	-1	-1	-1	-1	1	1	1	1	-1	-1	-1	1	-1	1	-1	-1	1	-1	1	-1	1	1	-1	1	1	1	1	-1	1	-1	1	-1	-1
binIV16120000	-1	-1	1	1	-1	-1	-1	-1	1	1	1	1	-1	-1	-1	1	-1	1	-1	-1	1	1	1	-1	1	1	-1	1	1	1	1	-1	1	-1	1	-1	-1
binIV16230000	-1	-1	1	1	-1	-1	-1	-1	1	1	1	1	-1	-1	-1	1	-1	1	-1	-1	1	1	1	-1	1	1	-1	1	1	1	1	-1	1	-1	1	-1	-1
binIV16240000	-1	-1	1	1	-1	-1	-1	-1	1	1	1	1	-1	-1	-1	1	-1	1	-1	-1	1	1	1	-1	1	1	-1	1	1	1	1	-1	1	-1	1	-1	-1
binIV16580000	-1	-1	1	1	-1	-1	-1	-1	1	1	1	1	-1	-1	-1	1	-1	1	-1	-1	1	1	1	-1	1	1	-1	1	1	1	1	-1	1	-1	1	-1	-1
binIV16590000	-1	-1	1	1	-1	-1	-1	-1	1	1	1	1	-1	-1	-1	1	-1	1	-1	-1	1	1	1	-1	1	1	-1	1	1	1	1	-1	1	-1	1	-1	-1
binIV17493793	-1	-1	1	1	-1	-1	-1	-1	1	1	1	1	-1	-1	-1	1	-1	1	-1	-1	1	1	1	-1	1	1	-1	1	1	1	1	-1	1	-1	1	-1	-1
binV10000	-1	-1	1	-1	-1	1	-1	1	1	-1	1	-1	-1	-1	-1	1	1	-1	-1	1	1	-1	1	1	-1	1	1	1	1	1	1	1	-1	1	1	-1	1
binV590000	-1	-1	1	-1	-1	1	-1	1	1	-1	1	-1	-1	-1	-1	1	1	-1	-1	1	1	-1	1	1	-1	1	1	1	1	1	1	1	-1	1	1	-1	1
binV600000	-1	-1	1	-1	-1	1	-1	1	1	-1	1	-1	-1	-1	-1	1	1	-1	-1	1	1	-1	1	1	-1	1	1	1	1	1	1	1	-1	1	1	-1	1
binV1010000	-1	-1	1	-1	-1	1	-1	1	1	-1	1	-1	-1	-1	-1	1	1	-1	-1	1	1	-1	1	1	-1	1	1	1	1	1	1	1	-1	1	1	-1	1
binV1020000	-1	-1	1	-1	-1	1	-1	1	1	-1	1	-1	-1	-1	-1	1	1	-1	-1	1	1	-1	1	1	-1	1	1	1	1	1	1	1	-1	1	1	-1	1
binV1150000	-1	-1	1	-1	-1	1	-1	1	1	-1	1	-1	-1	-1	-1	1	1	-1	-1	1	1	-1	1	1	-1	1	1	1	1	1	1	1	-1	1	1	-1	1
binV1160000	-1	-1	1	-1	-1	1	-1	1	1	-1	1	-1	-1	-1	-1	1	1	-1	-1	1	1	-1	1	1	-1	1	1	1	1	1	1	1	-1	1	1	-1	1
binV2040000	-1	-1	1	-1	-1	1	-1	1	1	-1	1	-1	-1	-1	-1	1	1	-1	-1	1	1	-1	1	1	-1	1	1	-1	1	1	1	1	-1	1	1	-1	1
binV2050000	-1	-1	1	-1	-1	1	-1	1	1	-1	1	-1	-1	-1	-1	1	1	-1	-1	1	1	1	1	1	-1	1	1	-1	1	1	1	1	-1	1	1	-1	1
binV2550000	-1	-1	1	-1	-1	1	-1	1	1	-1	1	-1	1	-1	-1	1	-1	-1	-1	1	1	1	1	1	-1	1	1	-1	1	1	1	1	-1	1	1	-1	1
binV2560000	-1	-1	1	-1	-1	1	-1	1	1	-1	1	-1	1	-1	-1	1	-1	-1	-1	1	1	1	1	1	-1	1	1	-1	1	1	1	1	-1	1	1	-1	1
binV2720000	-1	-1	1	-1	-1	1	-1	1	1	-1	1	-1	1	-1	-1	1	-1	-1	-1	1	1	1	1	1	-1	1	1	-1	1	1	1	1	-1	1	1	-1	1
binV2730000	-1	-1	1	-1	-1	1	-1	1	1	-1	1	-1	1	-1	-1	1	-1	-1	-1	1	1	1	1	1	-1	1	1	-1	1	1	1	1	-1	1	1	-1	1
binV2780000	-1	-1	1	-1	-1	1	-1	1	1	-1	1	-1	1	-1	-1	1	-1	-1	-1	1	1	1	1	1	-1	1	1	-1	1	1	1	1	-1	1	1	-1	1
binV2790000	-1	-1	1	-1	-1	1	-1	1	1	-1	1	-1	1	-1	-1	1	-1	-1	-1	1	1	1	1	1	-1	1	1	-1	1	1	1	1	-1	1	1	-1	1
binV2940000	-1	-1	1	-1	-1	1	-1	1	1	-1	1	-1	1	-1	-1	1	-1	-1	-1	1	1	1	1	1	-1	1	1	-1	1	1	1	1	-1	1	1	-1	1
binV2950000	-1	-1	1	-1	-1	1	-1	1	1	-1	1	-1	1	-1	-1	1	-1	-1	-1	1	1	1	1	1	-1	1	1	-1	1	1	1	1	-1	1	1	-1	1
binV3040000	-1	-1	1	-1	-1	1	-1	1	1	-1	1	-1	1	-1	-1	1	-1	-1	-1	1	1	1	1	1	-1	1	1	-1	1	1	1	1	-1	1	1	-1	1
binV3050000	-1	-1	1	-1	-1	1	-1	1	1	-1	1	-1	1	-1	-1	1	-1	-1	-1	1	1	1	1	1	-1	1	1	-1	1	1	1	1	-1	-1	1	-1	1
binV3100000	-1	-1	1	-1	-1	1	-1	1	1	-1	1	-1	1	-1	-1	1	-1	-1	-1	1	1	1	1	1	-1	1	1	-1	1	1	1	1	-1	-1	1	-1	1
binV3110000	-1	-1	1	-1	-1	1	-1	1	1	-1	1	-1	1	-1	-1	1	-1	-1	-1	1	1	1	1	1	-1	1	1	-1	1	1	1	1	-1	-1	1	-1	1
binV3440000	-1	-1	1	-1	-1	1	-1	1	1	-1	1	-1	1	-1	-1	1	-1	-1	-1	1	1	1	1	1	-1	1	1	-1	1	1	1	1	-1	-1	1	-1	1
binV3450000	-1	-1	1	-1	-1	1	-1	1	1	-1	1	-1	1	-1	-1	1	-1	-1	-1	1	1	1	1	1	-1	1	1	-1	1	1	1	1	-1	-1	1	-1	1
binV3840000	-1	-1	1	-1	-1	1	-1	1	1	-1	1	-1	1	-1	-1	1	-1	-1	-1	1	1	1	1	1	-1	1	1	-1	1	1	1	1	-1	-1	1	-1	1
binV3850000	-1	-1	1	-1	-1	1	-1	1	1	-1	1	-1	1	-1	-1	1	-1	-1	-1	1	1	1	1	1	-1	1	1	-1	1	1	1	1	-1	-1	1	-1	1
binV3860000	-1	-1	1	-1	-1	1	-1	1	1	-1	1	-1	1	-1	-1	1	-1	-1	-1	1	1	1	1	1	-1	1	1	-1	1	1	1	1	-1	-1	1	-1	1
binV3900000	-1	-1	1	-1	-1	1	-1	1	1	-1	1	-1	1	-1	-1	1	-1	-1	-1	1	1	1	1	1	-1	1	1	-1	1	1	1	1	-1	-1	1	-1	1
binV3910000	-1	-1	1	-1	-1	1	-1	1	1	-1	1	-1	1	-1	-1	1	-1	-1	-1	1	1	1	1	1	-1	1	1	-1	1	1	1	1	-1	-1	1	-1	1
binV3920000	-1	-1	1	-1	-1	1	-1	1	1	-1	1	-1	1	-1	-1	1	-1	-1	-1	1	1	1	1	1	-1	1	1	-1	1	1	1	1	-1	-1	1	-1	1
binV4420000	-1	-1	1	-1	-1	1	-1	1	1	-1	1	-1	-1	-1	-1	1	-1	-1	-1	1	1	1	1	1	-1	1	1	-1	1	1	1	1	-1	-1	1	-1	1
binV4430000	-1	-1	1	-1	-1	1	-1	1	1	-1	1	-1	-1	-1	-1	1	-1	-1	-1	1	1	1	1	1	-1	1	1	-1	1	1	1	1	-1	-1	1	-1	1
binV5130000	-1	-1	1	-1	-1	1	-1	1	1	-1	1	-1	-1	-1	-1	1	-1	-1	-1	1	1	1	1	1	-1	1	1	-1	1	1	1	1	-1	-1	1	-1	1
binV5140000	-1	-1	1	-1	-1	1	-1	1	1	-1	1	-1	-1	-1	-1	1	-1	-1	-1	1	1	1	1	1	-1	1	1	-1	1	1	1	1	-1	-1	1	-1	1
binV6560000	-1	-1	1	-1	-1	1	-1	-1	1	-1	1	1	-1	1	-1	-1	-1	-1	-1	1	1	1	1	1	-1	1	1	-1	1	1	1	1	-1	-1	1	-1	1
binV6570000	-1	-1	1	-1	-1	1	-1	-1	1	-1	1	1	-1	1	-1	-1	-1	-1	-1	1	1	1	1	1	-1	1	1	-1	1	1	1	1	-1	-1	1	-1	1
binV7170000	-1	-1	1	-1	-1	1	-1	-1	1	-1	1	1	-1	1	-1	-1	-1	-1	-1	1	1	1	1	1	-1	-1	1	-1	1	1	1	1	-1	-1	1	-1	1
binV7180000	-1	-1	1	-1	-1	1	-1	-1	1	-1	1	1	-1	1	-1	-1	-1	-1	-1	1	1	1	1	1	-1	-1	1	-1	1	1	1	1	-1	-1	-1	-1	1
binV8170000	-1	-1	1	-1	-1	1	-1	-1	1	-1	1	1	-1	1	-1	-1	-1	-1	-1	1	1	1	1	1	-1	-1	1	-1	1	1	1	1	-1	-1	-1	-1	1
binV8180000	-1	-1	1	-1	-1	1	-1	-1	1	-1	1	1	-1	1	-1	-1	-1	-1	-1	1	1	1	1	1	-1	-1	1	-1	1	1	1	1	-1	-1	-1	-1	1
binV8410000	-1	-1	1	-1	-1	1	-1	-1	1	-1	1	1	-1	1	-1	-1	-1	-1	-1	1	1	1	1	1	-1	-1	1	-1	1	1	1	1	-1	-1	-1	-1	1
binV8420000	-1	-1	1	-1	-1	1	-1	-1	1	-1	1	1	-1	1	-1	-1	-1	-1	-1	1	1	1	1	1	-1	-1	1	-1	1	1	1	1	-1	-1	-1	-1	1
binV9020000	-1	-1	1	-1	-1	1	-1	-1	1	-1	1	1	-1	1	-1	-1	-1	-1	-1	1	1	1	1	1	-1	-1	1	-1	1	1	1	1	-1	-1	-1	-1	1
binV9030000	-1	-1	1	-1	-1	1	-1	-1	1	-1	1	1	-1	1	-1	-1	-1	-1	-1	1	1	1	1	1	-1	-1	1	-1	1	1	1	1	-1	-1	-1	-1	1
binV10140000	-1	-1	1	-1	1	1	-1	-1	1	-1	1	1	-1	1	-1	-1	-1	-1	-1	1	1	1	1	1	-1	-1	1	-1	1	1	-1	1	-1	-1	-1	-1	1
binV10150000	-1	-1	1	-1	1	1	-1	-1	1	-1	1	1	-1	1	-1	-1	-1	-1	-1	1	1	1	1	1	-1	-1	1	-1	1	1	-1	1	-1	-1	-1	-1	1
binV10550000	-1	-1	1	-1	1	1	-1	-1	1	-1	1	1	-1	1	-1	-1	-1	-1	-1	1	1	1	1	1	-1	-1	1	-1	1	1	-1	1	-1	-1	-1	-1	1
binV10560000	-1	-1	1	-1	1	1	-1	-1	1	-1	1	1	-1	1	-1	-1	-1	-1	-1	1	1	1	1	1	-1	-1	1	-1	1	1	-1	1	-1	-1	-1	-1	1
binV10580000	-1	-1	1	-1	1	1	-1	-1	1	-1	1	1	-1	1	-1	-1	-1	-1	-1	1	1	1	1	1	-1	-1	1	-1	1	1	-1	1	-1	-1	-1	-1	1
binV10590000	-1	-1	1	-1	1	1	-1	-1	1	-1	1	1	-1	1	-1	-1	-1	-1	-1	1	1	1	1	1	1	-1	1	-1	1	1	-1	1	-1	-1	-1	-1	1
binV11360000	-1	-1	1	-1	1	1	-1	-1	1	-1	1	1	-1	1	-1	-1	-1	-1	-1	1	1	1	1	1	1	-1	1	-1	1	1	-1	1	-1	-1	-1	-1	-1
binV11370000	-1	-1	1	-1	1	1	-1	-1	1	-1	1	1	-1	1	-1	-1	-1	-1	-1	1	1	1	1	1	1	-1	1	-1	1	1	-1	1	-1	-1	-1	-1	-1
binV11380000	-1	-1	1	-1	1	1	-1	-1	1	-1	1	1	-1	1	-1	-1	-1	-1	-1	1	1	1	1	1	1	-1	1	-1	1	1	-1	1	-1	-1	-1	-1	-1
binV11790000	-1	-1	1	-1	1	1	-1	-1	1	-1	1	1	-1	1	-1	-1	-1	-1	-1	1	1	1	1	1	1	-1	1	-1	1	1	-1	1	-1	-1	-1	-1	-1
binV11800000	-1	-1	1	-1	1	1	-1	-1	1	-1	1	1	-1	1	-1	-1	-1	-1	-1	1	1	1	1	1	1	-1	1	-1	1	1	-1	1	-1	-1	-1	-1	-1
binV12010000	-1	-1	1	-1	1	1	-1	-1	1	-1	1	1	-1	1	-1	-1	-1	-1	-1	1	1	1	1	1	1	-1	1	-1	1	1	-1	1	-1	-1	-1	-1	-1
binV12020000	-1	-1	1	-1	1	1	-1	-1	1	-1	1	1	-1	1	-1	-1	-1	-1	-1	1	1	1	1	1	1	-1	1	-1	1	1	-1	1	-1	-1	-1	-1	-1
binV12410000	-1	-1	1	-1	1	1	-1	-1	1	-1	1	1	-1	1	-1	-1	-1	-1	-1	1	1	1	1	1	1	-1	1	-1	1	1	-1	1	-1	-1	-1	-1	-1
binV12420000	1	-1	1	-1	1	1	-1	-1	1	-1	1	1	-1	1	-1	-1	-1	-1	-1	1	1	1	1	1	1	-1	1	1	1	1	-1	1	-1	-1	-1	-1	-1
binV13380000	1	-1	1	-1	1	1	-1	-1	1	-1	1	1	-1	1	-1	-1	-1	-1	-1	1	1	1	1	1	1	-1	1	1	1	1	-1	1	-1	-1	-1	-1	-1
binV13390000	1	-1	1	-1	1	1	-1	-1	1	-1	1	1	-1	1	-1	-1	-1	-1	-1	1	1	1	1	1	1	-1	1	1	1	1	-1	1	-1	-1	-1	-1	-1
binV13610000	1	-1	1	-1	1	1	-1	-1	1	-1	1	1	-1	1	1	-1	-1	-1	-1	1	1	1	1	1	1	-1	1	1	1	1	-1	1	-1	-1	-1	-1	-1
binV13620000	1	-1	1	-1	1	1	-1	-1	1	-1	1	1	-1	1	1	-1	-1	-1	-1	1	1	1	1	1	1	-1	1	1	1	1	-1	1	-1	-1	-1	-1	-1
binV14290000	1	-1	1	-1	1	1	-1	-1	1	-1	1	1	-1	1	1	-1	-1	-1	-1	1	1	1	1	1	1	-1	1	1	1	1	-1	1	-1	-1	-1	-1	-1
binV14300000	1	-1	1	-1	1	1	-1	-1	1	-1	1	1	-1	1	1	-1	-1	-1	-1	1	1	1	1	1	1	-1	1	1	1	1	-1	1	-1	-1	-1	-1	-1
binV14640000	1	1	1	-1	1	1	-1	-1	1	-1	1	1	1	1	1	-1	-1	-1	-1	1	1	1	1	1	1	-1	1	1	1	1	-1	1	-1	-1	-1	-1	-1
binV14650000	1	1	1	-1	1	1	-1	-1	1	-1	1	1	1	1	1	-1	-1	-1	-1	1	1	1	1	1	1	-1	1	1	1	1	-1	1	-1	-1	-1	-1	-1
binV14810000	1	1	1	-1	1	1	-1	-1	1	-1	1	1	1	1	1	-1	-1	-1	-1	1	1	1	1	1	1	-1	1	1	1	1	-1	1	-1	-1	-1	-1	-1
binV14820000	1	1	1	-1	1	1	-1	-1	1	-1	1	1	1	1	1	-1	-1	-1	-1	1	1	1	1	1	-1	-1	1	1	1	1	-1	1	-1	-1	-1	-1	-1
binV14880000	1	1	1	-1	1	1	-1	-1	1	-1	1	1	1	1	1	-1	-1	-1	-1	1	1	1	1	1	-1	-1	1	1	1	1	-1	1	-1	-1	-1	-1	-1
binV14890000	1	1	1	-1	1	1	-1	-1	1	-1	1	1	1	1	1	-1	-1	-1	-1	-1	1	1	1	1	-1	-1	1	1	1	1	-1	1	-1	-1	-1	-1	-1
binV14910000	1	1	1	-1	1	1	-1	-1	1	-1	1	1	1	1	1	-1	-1	-1	-1	-1	1	1	1	1	-1	-1	1	1	1	1	-1	1	-1	-1	-1	-1	-1
binV14920000	1	1	1	-1	1	1	-1	-1	1	-1	1	1	1	1	1	-1	-1	-1	-1	-1	1	1	1	1	-1	-1	1	1	1	1	-1	1	-1	-1	-1	-1	-1
binV14950000	1	1	1	-1	1	1	-1	-1	1	-1	1	1	1	1	1	-1	-1	-1	-1	-1	1	1	1	1	-1	-1	1	1	1	1	-1	1	-1	-1	-1	-1	-1
binV14960000	1	1	1	-1	1	1	-1	-1	1	-1	1	1	1	1	1	-1	-1	-1	-1	-1	1	1	1	1	-1	-1	1	1	1	1	-1	1	-1	-1	-1	-1	-1
binV15050000	1	1	1	-1	1	1	-1	-1	1	-1	1	1	1	1	1	-1	-1	-1	-1	-1	1	1	1	1	-1	-1	1	1	1	1	-1	1	-1	-1	-1	-1	-1
binV15060000	1	1	1	-1	1	1	-1	-1	1	-1	1	1	1	1	1	-1	-1	-1	-1	-1	1	1	1	1	-1	-1	1	1	1	1	-1	1	-1	-1	-1	-1	-1
binV15610000	1	1	1	-1	1	1	-1	-1	1	-1	1	1	1	1	1	-1	-1	-1	-1	-1	1	1	1	1	-1	-1	1	1	1	1	-1	1	-1	-1	-1	-1	-1
binV15620000	1	1	1	-1	1	1	-1	-1	1	-1	-1	1	1	1	1	-1	-1	-1	-1	-1	1	1	1	1	-1	-1	1	1	1	1	-1	1	-1	-1	-1	-1	-1
binV16020000	1	1	1	-1	1	1	-1	-1	1	-1	-1	1	1	1	1	-1	-1	-1	-1	-1	1	1	1	1	-1	-1	1	1	1	1	-1	1	-1	-1	-1	-1	-1
binV16030000	1	1	1	-1	1	1	-1	-1	1	-1	-1	1	1	1	1	-1	-1	-1	-1	-1	1	1	1	1	-1	-1	1	1	1	1	-1	1	-1	-1	-1	-1	-1
binV16280000	1	1	1	-1	1	1	-1	-1	1	-1	-1	1	1	1	1	-1	-1	-1	-1	-1	1	1	1	1	-1	-1	1	1	1	1	-1	1	-1	-1	-1	-1	-1
binV16290000	1	1	1	-1	1	1	-1	-1	1	-1	-1	1	1	1	1	-1	-1	-1	-1	-1	1	1	1	1	-1	-1	1	1	1	1	-1	1	-1	-1	-1	-1	-1
binV16420000	1	1	1	-1	1	1	-1	-1	1	-1	-1	1	1	1	1	-1	-1	-1	-1	-1	1	1	1	1	-1	-1	1	1	1	1	-1	1	-1	-1	-1	-1	-1
binV16430000	1	1	1	-1	1	1	-1	-1	1	-1	-1	1	1	1	1	-1	-1	-1	-1	-1	1	1	1	1	-1	-1	1	1	1	1	-1	1	-1	-1	-1	-1	-1
binV16530000	1	1	1	-1	1	1	-1	-1	1	-1	-1	1	1	1	1	-1	-1	-1	-1	-1	1	1	1	1	-1	-1	1	1	1	1	-1	1	-1	-1	-1	-1	-1
binV16540000	1	1	1	-1	1	1	-1	-1	1	-1	-1	1	1	1	1	-1	-1	-1	-1	-1	1	1	1	1	-1	-1	1	1	1	1	-1	1	-1	-1	-1	-1	-1
binV17520000	1	-1	1	-1	1	-1	-1	-1	1	-1	-1	1	1	1	1	-1	-1	-1	-1	-1	1	1	1	1	-1	-1	1	1	1	-1	-1	1	-1	-1	-1	-1	-1
binV17530000	1	-1	1	-1	1	-1	-1	-1	1	-1	-1	1	1	1	1	-1	-1	-1	-1	-1	1	1	1	1	-1	-1	1	1	1	-1	-1	1	-1	-1	-1	-1	-1
binV17730000	1	-1	1	-1	1	-1	-1	-1	1	-1	-1	1	1	1	1	-1	-1	-1	-1	-1	1	1	1	1	-1	-1	1	1	1	-1	-1	1	-1	-1	-1	-1	-1
binV17740000	1	-1	1	-1	1	-1	-1	-1	1	-1	-1	1	1	1	1	-1	-1	-1	-1	-1	1	1	1	1	-1	-1	1	1	1	-1	-1	1	-1	-1	-1	-1	-1
binV17960000	1	-1	1	-1	1	-1	-1	-1	1	-1	-1	1	1	1	1	-1	-1	-1	-1	-1	1	1	1	1	-1	-1	1	1	1	-1	-1	1	-1	-1	-1	-1	-1
binV17970000	1	-1	1	-1	1	-1	-1	-1	1	-1	-1	1	1	1	1	-1	-1	-1	-1	-1	1	1	1	1	-1	-1	1	1	1	-1	-1	1	-1	-1	-1	-1	-1
binV18030000	1	-1	1	-1	1	-1	-1	-1	1	-1	-1	1	1	1	1	-1	-1	-1	-1	-1	-1	1	1	1	-1	1	1	1	1	-1	-1	1	-1	-1	-1	-1	-1
binV18040000	1	-1	1	-1	1	-1	-1	-1	1	-1	-1	1	1	1	1	-1	-1	-1	-1	-1	-1	1	1	1	-1	1	1	1	1	-1	-1	1	-1	-1	-1	-1	-1
binV18380000	1	-1	1	-1	1	-1	-1	-1	1	-1	-1	1	1	1	1	-1	-1	-1	-1	-1	-1	1	1	1	-1	1	1	1	1	-1	-1	1	-1	-1	-1	-1	-1
binV18390000	1	-1	1	-1	1	-1	-1	-1	1	-1	-1	1	1	1	1	-1	-1	-1	-1	-1	-1	1	1	1	-1	1	1	1	1	-1	-1	1	-1	-1	-1	-1	-1
binV18440000	1	-1	1	-1	1	-1	-1	-1	1	-1	-1	1	1	1	1	-1	-1	-1	-1	-1	-1	1	1	1	-1	1	1	1	1	-1	-1	1	-1	-1	-1	-1	-1
binV18450000	1	-1	1	-1	1	-1	-1	-1	1	-1	-1	1	1	1	1	-1	-1	-1	-1	-1	-1	1	1	1	-1	1	1	1	1	-1	-1	1	-1	-1	-1	-1	-1
binV18570000	1	-1	1	-1	1	-1	-1	-1	1	-1	-1	1	1	1	1	-1	-1	-1	-1	-1	-1	1	1	1	-1	1	1	1	1	-1	-1	1	-1	-1	-1	-1	-1
binV18580000	1	-1	1	-1	1	-1	-1	-1	1	-1	-1	1	1	1	1	-1	-1	-1	-1	-1	-1	1	1	1	-1	1	1	1	1	-1	-1	1	-1	-1	-1	-1	-1
binV18750000	1	-1	1	-1	1	-1	-1	-1	1	-1	-1	1	1	1	1	-1	-1	-1	-1	-1	-1	1	1	1	-1	1	1	1	1	-1	-1	1	-1	-1	-1	-1	-1
binV18760000	1	-1	1	-1	1	-1	-1	-1	1	-1	-1	1	1	1	1	-1	-1	-1	-1	-1	-1	1	1	1	-1	1	1	1	1	-1	-1	1	-1	-1	-1	-1	-1
binV18890000	1	-1	1	-1	1	-1	-1	-1	1	-1	-1	1	1	1	1	-1	-1	-1	-1	-1	-1	1	1	1	-1	1	1	1	1	-1	-1	1	-1	-1	-1	-1	-1
binV18900000	1	-1	1	-1	1	-1	-1	-1	1	-1	-1	1	1	1	1	-1	-1	-1	-1	-1	-1	1	1	1	-1	1	1	1	1	-1	-1	1	-1	-1	-1	-1	-1
binV18980000	1	-1	1	-1	1	-1	-1	-1	1	-1	-1	1	1	1	1	-1	-1	-1	-1	-1	-1	1	1	1	-1	1	1	1	1	-1	-1	1	-1	-1	-1	-1	-1
binV18990000	1	-1	1	-1	1	-1	-1	-1	1	-1	-1	1	1	1	1	-1	-1	-1	-1	-1	-1	1	1	1	-1	1	1	1	1	-1	-1	1	-1	-1	-1	-1	-1
binV19000000	1	-1	1	-1	1	-1	-1	-1	1	-1	-1	1	1	1	1	-1	-1	-1	-1	-1	-1	1	1	1	-1	1	1	1	1	-1	-1	1	-1	-1	-1	-1	-1
binV19120000	1	-1	1	-1	1	-1	-1	-1	1	-1	-1	1	1	1	1	-1	-1	-1	-1	-1	-1	1	1	1	-1	1	1	1	1	-1	-1	1	-1	-1	-1	-1	-1
binV19130000	1	-1	1	-1	1	-1	-1	-1	1	-1	-1	1	1	1	1	-1	-1	-1	-1	-1	-1	1	1	1	-1	1	1	1	1	-1	-1	1	-1	1	-1	-1	-1
binV19140000	1	-1	1	-1	1	-1	-1	-1	1	-1	-1	1	1	1	1	-1	-1	-1	-1	-1	-1	1	1	1	-1	1	1	1	1	-1	-1	1	-1	1	-1	-1	-1
binV19150000	1	-1	1	-1	1	-1	-1	-1	1	-1	-1	1	1	1	1	-1	-1	-1	-1	-1	-1	1	1	1	-1	1	1	1	1	-1	-1	1	-1	1	-1	-1	-1
binV19160000	1	-1	1	-1	1	-1	-1	-1	1	-1	-1	1	1	1	1	-1	-1	-1	-1	-1	-1	1	1	1	-1	1	1	1	1	-1	-1	1	-1	1	-1	-1	-1
binV19170000	1	-1	1	-1	1	-1	-1	-1	1	-1	-1	1	1	1	1	-1	-1	-1	-1	-1	-1	1	1	1	-1	1	1	1	1	-1	-1	1	-1	1	-1	-1	-1
binV19230000	1	-1	1	-1	1	-1	-1	-1	1	-1	-1	1	1	1	1	-1	-1	-1	-1	-1	-1	1	1	1	-1	1	1	1	1	-1	-1	1	-1	1	-1	-1	-1
binV19240000	1	-1	1	-1	1	-1	-1	-1	1	-1	-1	1	1	1	1	-1	-1	-1	-1	-1	-1	1	1	1	-1	1	1	1	1	-1	-1	1	-1	1	-1	-1	-1
binV19670000	1	-1	1	-1	1	-1	-1	-1	1	-1	-1	1	1	1	1	-1	-1	-1	-1	-1	-1	1	1	1	-1	1	1	1	1	-1	-1	1	-1	1	-1	-1	-1
binV19680000	1	-1	1	-1	1	-1	-1	-1	1	-1	-1	1	1	1	1	-1	-1	-1	-1	-1	-1	1	1	1	-1	1	1	1	1	-1	-1	1	-1	1	-1	-1	-1
binV20030000	1	-1	1	-1	1	-1	-1	-1	1	-1	-1	1	1	1	1	-1	-1	-1	-1	-1	-1	1	1	1	-1	1	1	1	1	-1	-1	1	-1	1	-1	-1	-1
binV20040000	1	-1	1	-1	1	-1	-1	-1	1	-1	-1	1	1	1	1	-1	-1	-1	-1	-1	-1	1	1	1	-1	1	1	1	1	-1	-1	1	-1	1	-1	-1	-1
binV20924149	1	-1	1	-1	1	-1	-1	-1	1	-1	-1	1	1	1	1	-1	-1	-1	-1	-1	-1	1	1	1	-1	1	1	1	1	-1	-1	1	-1	1	-1	-1	-1
binX10000	1	1	1	1	1	1	1	1	-1	1	1	-1	1	-1	-1	-1	-1	-1	1	-1	1	-1	1	-1	1	1	1	1	1	-1	1	1	1	-1	1	-1	1
binX410000	1	1	1	1	1	1	1	1	-1	1	1	-1	1	-1	-1	-1	-1	-1	1	-1	1	-1	1	-1	1	1	1	1	1	-1	1	1	1	-1	1	-1	1
binX420000	1	1	1	1	1	1	1	1	-1	1	1	-1	1	-1	-1	-1	-1	-1	1	-1	1	-1	1	-1	1	1	1	1	1	-1	1	1	1	-1	1	-1	1
binX670000	1	1	1	1	1	1	1	1	-1	1	1	-1	1	-1	-1	-1	-1	-1	1	-1	1	-1	1	-1	1	1	1	1	1	-1	1	1	1	-1	1	-1	1
binX680000	1	1	1	1	1	1	1	1	-1	1	1	-1	1	-1	-1	-1	-1	-1	1	-1	1	-1	1	-1	1	1	1	1	1	-1	1	1	1	-1	1	-1	1
binX1000000	1	1	1	1	1	1	1	1	-1	1	1	-1	1	-1	-1	-1	-1	-1	1	-1	1	-1	1	-1	1	1	1	1	1	-1	1	1	1	-1	1	-1	1
binX1010000	1	1	1	1	1	1	1	1	-1	1	1	-1	1	-1	-1	-1	-1	-1	1	-1	1	-1	1	-1	1	1	1	1	1	-1	1	1	1	-1	1	-1	1
binX1130000	1	1	1	1	1	1	1	1	-1	1	1	-1	1	-1	-1	-1	1	-1	1	-1	1	-1	1	-1	1	1	1	1	1	-1	1	1	1	-1	1	-1	1
binX1140000	1	1	1	1	1	1	1	1	-1	1	1	-1	1	-1	-1	-1	1	-1	1	-1	1	-1	1	-1	1	1	1	1	1	-1	1	1	1	-1	1	-1	1
binX1240000	1	1	1	1	1	1	1	1	-1	1	1	-1	1	-1	-1	-1	1	-1	1	-1	1	-1	1	-1	1	1	1	1	1	-1	1	1	1	-1	1	-1	1
binX1250000	1	1	1	1	1	1	1	1	-1	1	1	-1	1	-1	-1	-1	1	-1	1	-1	1	-1	1	-1	1	1	1	1	1	-1	1	1	1	-1	1	-1	1
binX1610000	1	1	1	1	1	1	1	1	-1	1	1	-1	1	-1	-1	-1	1	-1	1	-1	1	-1	1	-1	1	1	1	1	1	-1	1	1	1	-1	1	-1	1
binX1620000	1	1	1	1	1	1	1	1	-1	1	1	-1	1	-1	-1	-1	1	-1	1	-1	1	-1	1	-1	1	1	1	1	1	-1	1	1	1	-1	1	-1	1
binX1640000	1	1	1	1	1	1	1	1	-1	1	1	-1	1	-1	-1	-1	1	-1	1	-1	1	-1	1	-1	1	1	1	1	1	-1	1	1	1	-1	1	-1	1
binX1650000	1	1	1	1	1	1	1	1	-1	1	1	-1	1	-1	-1	-1	1	-1	1	-1	1	-1	1	-1	1	1	1	1	1	-1	1	1	1	-1	1	-1	1
binX1710000	1	1	1	1	1	1	1	1	-1	1	1	-1	1	-1	-1	-1	1	-1	1	-1	1	-1	1	-1	1	1	1	1	1	-1	1	1	1	-1	1	-1	1
binX1720000	1	1	1	1	1	1	-1	1	-1	1	1	-1	1	-1	-1	-1	1	-1	1	-1	1	-1	1	-1	1	1	1	1	1	-1	1	1	1	-1	1	-1	1
binX1800000	1	1	1	1	1	1	-1	1	-1	1	1	-1	1	-1	-1	-1	1	-1	1	-1	1	-1	1	-1	1	1	1	1	1	-1	1	1	1	-1	1	-1	1
binX1810000	1	1	1	1	1	1	-1	1	-1	1	1	-1	1	-1	-1	-1	1	-1	1	-1	1	-1	1	-1	1	1	1	1	1	-1	1	1	1	-1	1	-1	1
binX2010000	1	1	1	1	-1	1	-1	1	-1	1	1	-1	1	-1	1	-1	-1	-1	1	-1	1	-1	1	-1	1	1	1	1	1	-1	1	1	1	-1	1	-1	1
binX2020000	1	1	1	1	-1	1	-1	1	-1	1	1	-1	1	-1	1	-1	-1	-1	1	-1	1	-1	1	-1	1	1	1	1	1	-1	1	1	1	-1	1	-1	1
binX2180000	1	1	1	1	-1	1	-1	1	-1	1	1	-1	1	-1	1	-1	-1	-1	1	-1	1	-1	1	-1	1	1	1	1	1	-1	1	1	1	-1	1	-1	1
binX2190000	1	1	1	1	-1	1	-1	1	-1	1	1	-1	1	-1	1	-1	-1	-1	1	-1	1	-1	1	-1	1	1	1	1	1	-1	1	1	1	-1	1	-1	1
binX2450000	1	1	1	1	-1	1	-1	1	-1	1	1	-1	1	-1	1	-1	-1	-1	1	-1	1	-1	1	-1	1	1	1	1	1	-1	1	1	1	-1	1	-1	1
binX2460000	1	1	1	1	-1	1	-1	1	-1	1	1	-1	1	-1	1	-1	-1	-1	1	-1	1	-1	1	-1	1	1	1	1	1	-1	1	1	1	-1	1	-1	1
binX2560000	1	1	1	1	-1	1	-1	1	-1	1	1	-1	1	-1	1	-1	-1	-1	1	-1	1	-1	1	-1	1	1	1	1	1	-1	1	1	1	-1	1	-1	1
binX2570000	1	1	1	1	-1	1	-1	1	-1	1	1	-1	1	-1	1	-1	-1	-1	1	-1	1	-1	1	-1	1	1	1	1	1	-1	1	1	1	-1	1	-1	1
binX2720000	1	1	1	1	-1	1	-1	1	-1	1	1	-1	1	-1	1	-1	-1	-1	1	-1	1	-1	1	-1	1	1	1	1	1	-1	1	1	1	-1	1	-1	1
binX2730000	1	1	1	1	-1	1	-1	1	-1	1	1	-1	1	-1	1	-1	-1	-1	1	-1	1	-1	1	-1	1	1	1	1	1	-1	1	1	1	-1	1	-1	1
binX2850000	1	1	1	1	-1	1	-1	1	-1	1	1	-1	1	-1	1	-1	-1	-1	1	-1	1	-1	1	-1	1	1	1	1	1	-1	1	1	1	-1	1	-1	1
binX2860000	1	1	1	1	-1	1	-1	1	-1	1	1	-1	1	1	1	-1	-1	-1	1	-1	1	-1	1	-1	1	1	1	1	1	-1	1	1	1	-1	1	-1	1
binX3020000	1	1	1	1	-1	1	-1	1	-1	1	1	-1	1	1	1	-1	-1	-1	1	-1	1	-1	1	-1	1	1	1	1	1	-1	1	1	1	-1	1	-1	1
binX3030000	1	1	1	1	-1	1	-1	1	-1	1	1	-1	1	1	1	-1	-1	-1	1	-1	1	-1	1	-1	1	1	1	1	1	-1	1	1	1	-1	1	-1	1
binX3820000	1	1	1	1	-1	1	-1	1	-1	1	1	-1	-1	1	1	-1	-1	-1	1	-1	1	-1	1	-1	1	1	1	1	1	-1	1	1	1	-1	1	-1	1
binX3830000	1	1	1	1	-1	1	-1	1	-1	1	1	-1	-1	1	1	-1	-1	-1	1	-1	1	-1	1	-1	1	1	1	1	1	-1	1	1	1	-1	1	-1	1
binX4140000	1	1	1	1	-1	1	-1	1	-1	1	1	-1	-1	1	1	-1	-1	-1	1	-1	1	-1	1	-1	1	1	1	1	1	-1	1	1	1	-1	1	-1	1
binX4150000	1	1	1	1	-1	1	-1	1	-1	1	1	-1	-1	1	1	-1	-1	-1	1	-1	1	-1	1	-1	1	1	1	1	1	-1	1	1	1	-1	1	-1	1
binX4780000	1	1	1	1	-1	1	-1	1	-1	1	1	-1	-1	1	1	-1	1	-1	1	-1	1	-1	1	-1	1	1	1	1	1	-1	1	1	1	-1	1	-1	1
binX4790000	1	1	1	1	-1	1	-1	1	-1	1	1	-1	-1	1	1	-1	1	-1	1	-1	1	-1	1	-1	1	1	1	1	1	-1	1	1	1	-1	1	-1	1
binX4880000	1	1	1	1	-1	1	-1	1	-1	1	1	-1	-1	1	1	-1	1	-1	1	-1	1	-1	1	-1	1	1	1	1	1	-1	1	1	1	-1	1	-1	1
binX4890000	1	1	1	1	-1	1	-1	1	-1	1	1	-1	-1	1	1	-1	1	-1	1	-1	1	-1	1	-1	1	1	1	1	1	-1	1	1	1	-1	1	-1	1
binX5730000	1	1	1	1	-1	1	-1	1	-1	1	1	1	-1	1	1	-1	1	-1	1	-1	1	-1	1	-1	1	1	1	1	1	-1	1	1	1	-1	1	-1	1
binX5740000	1	1	1	1	-1	1	-1	1	-1	1	1	1	-1	1	1	-1	1	-1	1	-1	1	-1	1	-1	1	1	1	1	1	-1	1	1	1	-1	1	-1	1
binX5810000	1	1	1	1	-1	1	-1	1	-1	1	1	1	-1	1	1	-1	1	-1	1	-1	1	-1	1	-1	1	1	1	1	1	-1	1	1	1	-1	1	-1	1
binX5820000	1	1	1	1	-1	1	-1	1	-1	1	1	1	-1	1	1	-1	1	-1	1	-1	1	-1	1	-1	1	1	1	1	1	-1	1	1	1	-1	1	-1	1
binX6000000	1	1	1	1	-1	1	-1	1	-1	1	1	1	-1	1	1	-1	1	-1	1	-1	1	-1	1	-1	1	1	1	1	1	-1	1	1	1	-1	1	-1	1
binX6010000	1	1	1	1	-1	1	-1	1	-1	1	1	1	-1	1	1	-1	1	-1	1	-1	1	-1	1	-1	1	1	1	1	1	-1	1	1	1	-1	1	-1	1
binX6350000	1	1	1	1	-1	1	-1	1	-1	1	1	1	-1	1	1	-1	1	-1	1	-1	1	-1	1	-1	1	1	1	1	1	-1	1	1	1	-1	1	-1	1
binX6360000	1	1	1	1	-1	1	-1	1	-1	1	1	1	-1	1	1	-1	1	-1	1	-1	1	-1	1	-1	1	1	1	1	1	-1	1	1	1	-1	1	-1	1
binX6890000	-1	1	1	1	-1	1	-1	1	-1	1	1	1	-1	1	1	-1	1	-1	1	-1	1	-1	1	-1	1	1	1	1	1	1	1	1	1	-1	1	-1	1
binX6900000	-1	1	1	1	-1	1	-1	1	-1	1	1	1	-1	1	1	-1	1	-1	1	-1	1	-1	1	-1	1	1	1	1	1	1	1	1	1	-1	-1	-1	1
binX8460000	-1	1	1	1	-1	1	-1	1	-1	1	1	-1	-1	1	1	-1	1	-1	1	-1	1	-1	-1	-1	1	1	1	1	1	1	1	1	1	-1	-1	1	1
binX8470000	-1	1	1	1	-1	1	-1	1	-1	1	1	-1	-1	1	1	-1	1	-1	1	-1	1	-1	-1	-1	1	1	1	1	1	1	1	1	1	-1	-1	1	1
binX8630000	-1	1	1	1	-1	1	-1	1	-1	1	1	-1	-1	1	1	-1	1	-1	1	-1	1	-1	-1	-1	1	1	1	1	1	1	1	1	1	-1	-1	1	1
binX8640000	-1	1	1	1	-1	1	-1	1	-1	1	1	-1	-1	1	1	-1	1	-1	1	-1	1	-1	-1	-1	1	1	1	1	1	1	1	1	1	-1	-1	1	1
binX8650000	-1	1	1	1	-1	1	-1	1	-1	1	1	-1	-1	1	1	-1	1	-1	1	-1	1	-1	-1	-1	1	1	1	1	1	1	1	1	1	-1	-1	1	1
binX8660000	-1	1	1	1	-1	1	-1	1	-1	1	1	-1	-1	1	1	-1	1	-1	1	1	1	-1	-1	-1	1	1	1	1	1	1	1	1	1	-1	-1	1	1
binX8880000	-1	1	1	1	-1	1	-1	1	-1	1	1	-1	-1	1	1	-1	1	-1	1	1	1	-1	-1	-1	1	1	1	1	1	1	1	1	1	-1	-1	1	1
binX8890000	-1	1	1	1	-1	1	-1	1	-1	1	1	-1	-1	1	1	-1	1	-1	1	1	1	-1	-1	-1	1	1	1	1	1	1	1	1	1	-1	-1	1	1
binX9080000	-1	1	1	1	-1	1	-1	1	1	1	1	-1	-1	1	1	-1	1	-1	1	1	1	-1	-1	-1	1	1	1	1	1	1	1	-1	1	-1	-1	1	1
binX9090000	-1	1	1	1	-1	1	-1	1	1	1	1	-1	-1	1	1	-1	1	-1	1	1	1	-1	-1	-1	1	1	1	1	1	1	1	-1	1	-1	-1	1	1
binX9100000	-1	1	1	1	-1	1	-1	1	1	1	1	-1	-1	1	1	-1	1	-1	1	1	1	-1	-1	-1	1	1	-1	1	1	1	1	-1	1	-1	-1	1	1
binX9280000	-1	1	1	1	-1	1	-1	1	1	1	1	-1	-1	1	1	-1	1	-1	1	1	1	-1	-1	-1	1	1	-1	1	1	1	1	-1	1	-1	-1	1	1
binX9290000	-1	1	1	1	-1	1	-1	1	1	1	1	-1	-1	1	1	-1	1	-1	1	1	1	-1	-1	-1	1	1	-1	1	1	1	1	-1	1	-1	-1	1	1
binX10120000	-1	1	1	1	-1	1	-1	1	1	1	1	-1	-1	1	1	1	1	-1	1	1	1	-1	-1	-1	1	1	-1	1	1	1	1	-1	1	-1	-1	1	1
binX10130000	-1	1	1	1	-1	1	-1	1	1	1	1	-1	-1	1	1	1	1	-1	1	1	1	-1	-1	-1	1	1	-1	1	1	1	1	-1	1	-1	-1	1	1
binX10340000	-1	1	1	1	-1	1	-1	1	1	1	1	-1	-1	1	1	1	1	-1	1	1	1	-1	-1	-1	1	1	-1	1	1	1	1	-1	1	-1	-1	1	1
binX10350000	-1	1	1	1	-1	1	-1	1	1	1	1	-1	-1	1	1	1	1	-1	1	1	1	-1	-1	-1	1	1	-1	1	1	1	1	-1	1	-1	-1	1	1
binX10940000	-1	-1	1	1	-1	1	-1	1	1	1	1	-1	-1	-1	1	1	1	-1	1	1	-1	-1	-1	1	1	-1	-1	1	-1	1	1	-1	1	-1	-1	1	1
binX10950000	-1	-1	1	1	-1	1	-1	1	1	1	1	-1	-1	-1	1	1	1	-1	1	1	-1	-1	-1	1	1	-1	-1	1	-1	1	1	-1	1	-1	-1	1	1
binX11020000	-1	-1	1	1	-1	1	-1	1	1	1	1	-1	-1	-1	1	1	1	-1	1	1	-1	-1	-1	1	1	-1	-1	1	-1	1	1	-1	1	-1	-1	1	1
binX11030000	-1	-1	1	1	-1	1	-1	1	1	1	1	-1	-1	-1	1	1	1	-1	1	1	-1	-1	-1	1	1	-1	-1	1	-1	1	1	-1	1	-1	-1	1	1
binX11380000	-1	-1	1	1	-1	1	-1	1	1	1	1	-1	-1	-1	1	1	1	-1	1	1	-1	-1	-1	1	1	-1	-1	1	-1	1	1	-1	1	-1	-1	1	1
binX11390000	-1	-1	1	1	-1	1	-1	1	1	1	1	-1	-1	-1	1	1	1	-1	1	1	-1	-1	-1	1	1	-1	-1	1	-1	1	1	-1	1	-1	-1	1	1
binX12430000	-1	-1	1	1	-1	1	-1	1	1	1	1	-1	-1	-1	1	1	1	-1	1	1	-1	-1	-1	1	1	-1	-1	1	-1	1	1	-1	1	-1	-1	1	1
binX12440000	-1	-1	1	1	-1	1	-1	1	1	1	1	-1	-1	-1	1	1	1	-1	1	1	-1	-1	-1	1	1	-1	-1	1	-1	1	1	-1	1	-1	-1	1	1
binX12560000	-1	-1	1	1	-1	1	-1	1	1	1	1	-1	-1	-1	1	1	1	-1	1	1	-1	-1	-1	1	1	-1	-1	1	1	1	-1	-1	1	-1	-1	1	-1
binX12570000	-1	-1	1	1	-1	1	-1	1	1	1	1	-1	-1	-1	1	1	1	-1	1	1	-1	-1	-1	1	1	-1	-1	1	1	1	-1	-1	1	-1	-1	1	-1
binX12680000	-1	-1	1	1	-1	1	-1	1	1	1	1	-1	-1	-1	1	1	1	-1	1	1	-1	-1	-1	1	1	-1	-1	1	1	1	-1	-1	1	-1	-1	1	-1
binX12690000	-1	-1	1	1	-1	1	-1	1	1	1	1	-1	-1	-1	1	1	1	-1	1	1	-1	-1	-1	1	1	-1	-1	1	1	1	-1	-1	1	-1	-1	1	-1
binX12760000	-1	-1	1	1	-1	1	-1	1	1	1	1	-1	-1	-1	1	1	1	-1	1	1	-1	-1	-1	1	1	-1	-1	1	1	1	-1	-1	1	-1	-1	1	-1
binX12770000	-1	-1	1	1	-1	1	-1	1	1	1	1	-1	-1	-1	1	1	1	-1	1	1	-1	-1	-1	1	1	-1	-1	1	1	1	-1	-1	1	-1	-1	1	-1
binX12810000	-1	-1	1	1	-1	1	-1	1	1	1	1	-1	-1	-1	1	1	1	-1	1	1	-1	-1	-1	1	1	-1	-1	1	1	1	-1	-1	1	-1	-1	1	-1
binX12820000	-1	-1	1	1	-1	1	-1	1	1	1	1	-1	-1	-1	1	1	1	-1	1	1	-1	-1	-1	1	1	-1	-1	1	1	1	-1	-1	1	-1	-1	1	-1
binX13050000	-1	-1	1	1	-1	1	-1	1	1	1	1	-1	-1	-1	1	1	1	-1	1	1	-1	-1	-1	1	1	-1	-1	1	1	1	-1	-1	1	-1	-1	1	-1
binX13060000	-1	-1	1	1	-1	1	-1	1	1	1	1	-1	-1	-1	1	1	1	-1	1	1	-1	-1	-1	1	1	-1	-1	1	1	1	-1	-1	1	-1	-1	1	-1
binX13210000	-1	-1	1	1	-1	1	-1	1	1	1	1	-1	-1	-1	1	1	1	-1	1	1	-1	-1	-1	1	1	-1	-1	1	1	1	-1	-1	1	-1	-1	1	-1
binX13220000	-1	-1	1	1	-1	1	-1	1	1	1	1	-1	-1	-1	1	1	1	-1	1	1	-1	-1	-1	1	1	-1	-1	1	1	1	-1	-1	1	-1	-1	1	-1
binX13240000	-1	-1	1	1	-1	1	-1	1	1	1	1	-1	-1	-1	1	1	1	-1	1	1	-1	-1	-1	1	1	-1	-1	1	1	1	-1	-1	1	-1	-1	1	-1
binX13250000	-1	-1	1	1	-1	1	-1	1	1	1	1	-1	-1	-1	1	1	1	-1	1	1	-1	-1	-1	1	1	-1	-1	1	1	1	-1	-1	1	-1	-1	1	-1
binX13390000	-1	-1	1	1	-1	1	-1	1	1	1	1	-1	-1	-1	1	1	1	-1	1	1	-1	-1	-1	1	1	-1	-1	1	1	1	-1	-1	1	-1	-1	1	-1
binX13400000	-1	-1	1	1	-1	1	-1	-1	1	1	1	-1	-1	-1	1	1	1	-1	1	1	-1	-1	1	1	1	-1	-1	1	1	1	-1	-1	1	-1	-1	1	-1
binX13480000	-1	-1	1	1	-1	1	-1	-1	1	1	1	-1	-1	-1	1	1	1	-1	1	1	-1	-1	1	1	1	-1	-1	1	1	1	-1	-1	1	-1	-1	1	-1
binX13490000	-1	-1	1	1	-1	1	-1	-1	1	1	1	-1	-1	-1	1	1	1	-1	1	1	-1	-1	1	1	1	-1	-1	1	1	1	-1	-1	1	-1	-1	1	-1
binX13510000	-1	-1	1	1	-1	1	-1	-1	1	1	1	-1	-1	-1	1	1	1	-1	1	1	-1	-1	1	1	1	-1	-1	1	1	1	-1	-1	1	-1	-1	1	-1
binX13520000	-1	-1	1	1	-1	1	-1	-1	1	1	1	-1	-1	-1	1	1	1	-1	1	1	-1	-1	1	1	1	-1	-1	1	1	1	-1	-1	1	-1	-1	1	-1
binX13640000	-1	-1	1	1	-1	1	-1	-1	1	1	1	-1	-1	-1	1	1	1	-1	1	1	-1	-1	1	1	1	-1	-1	1	1	1	-1	-1	1	-1	-1	1	-1
binX13650000	-1	-1	1	1	-1	1	-1	-1	1	1	1	-1	-1	-1	1	1	1	-1	1	1	-1	-1	1	1	1	-1	-1	1	1	1	-1	-1	1	-1	-1	1	-1
binX13940000	-1	-1	1	1	-1	1	-1	-1	1	1	1	-1	-1	-1	1	1	1	-1	1	1	-1	-1	1	1	1	-1	-1	1	1	1	-1	-1	1	-1	-1	1	-1
binX13950000	-1	-1	1	1	-1	1	-1	-1	1	1	1	-1	-1	-1	1	1	1	-1	1	1	-1	-1	1	1	1	-1	-1	1	1	1	-1	-1	1	-1	-1	1	-1
binX13960000	-1	-1	1	1	-1	1	-1	-1	1	1	1	-1	-1	-1	1	1	1	-1	1	1	-1	-1	1	1	1	-1	-1	1	1	1	-1	-1	1	1	-1	1	-1
binX14020000	-1	-1	1	1	-1	1	-1	-1	1	1	1	-1	-1	-1	1	1	1	-1	1	1	-1	-1	1	1	1	-1	-1	1	1	1	-1	-1	1	1	-1	1	-1
binX14030000	-1	-1	1	1	-1	1	-1	-1	1	1	1	-1	-1	-1	1	1	1	-1	1	1	-1	-1	1	1	1	-1	-1	1	1	1	-1	-1	1	1	-1	1	-1
binX14230000	-1	-1	1	1	-1	1	-1	-1	1	1	1	-1	-1	-1	1	1	1	-1	1	1	-1	-1	1	1	1	-1	-1	1	1	1	-1	-1	1	1	-1	1	-1
binX14240000	-1	-1	1	1	-1	1	-1	-1	1	1	1	-1	-1	-1	1	1	1	-1	1	1	-1	-1	1	1	1	-1	1	1	1	1	-1	-1	1	1	-1	1	-1
binX14380000	-1	-1	1	-1	-1	1	-1	1	1	1	1	-1	-1	-1	1	1	1	-1	1	1	-1	-1	1	1	1	-1	1	1	1	1	1	-1	1	1	-1	1	-1
binX14390000	-1	-1	1	-1	-1	1	-1	1	1	1	1	-1	-1	-1	1	1	1	-1	1	1	-1	-1	1	1	1	-1	1	1	1	1	1	-1	1	1	-1	1	-1
binX14490000	-1	-1	1	-1	-1	1	-1	1	1	1	1	-1	-1	-1	1	1	1	-1	1	1	-1	-1	1	1	1	-1	1	1	1	1	1	-1	1	1	-1	1	-1
binX14500000	-1	-1	1	-1	-1	1	-1	1	1	1	1	-1	-1	-1	1	1	1	-1	1	1	-1	-1	1	1	1	-1	1	1	1	1	1	-1	1	1	-1	1	-1
binX14690000	-1	-1	1	-1	-1	1	-1	1	1	1	1	-1	-1	-1	1	1	1	-1	1	1	-1	-1	1	1	1	-1	1	1	1	1	1	-1	1	1	-1	1	-1
binX14700000	-1	-1	1	-1	-1	1	-1	1	1	1	1	-1	-1	-1	1	1	1	-1	1	1	-1	-1	1	1	1	-1	1	1	1	1	1	-1	1	1	-1	1	-1
binX14990000	-1	-1	1	-1	-1	1	-1	1	1	1	1	-1	-1	-1	1	1	1	-1	1	1	-1	-1	1	1	1	-1	1	1	1	1	1	-1	1	1	-1	1	-1
binX15000000	-1	-1	1	-1	-1	1	-1	1	1	1	1	-1	-1	-1	1	1	1	-1	1	1	-1	-1	1	1	1	-1	1	1	1	1	1	-1	1	1	-1	1	-1
binX15070000	-1	-1	1	-1	-1	1	-1	1	1	1	1	-1	-1	-1	1	1	1	-1	1	1	-1	-1	1	1	1	-1	1	1	1	1	1	-1	1	1	-1	1	-1
binX15080000	-1	-1	1	-1	-1	1	-1	1	1	1	1	-1	-1	-1	1	1	1	-1	1	1	-1	-1	1	1	1	-1	1	1	1	1	1	-1	1	1	-1	1	-1
binX15130000	-1	-1	-1	-1	-1	1	-1	1	1	1	1	-1	-1	1	1	1	1	-1	-1	1	-1	-1	1	1	1	-1	1	-1	-1	-1	1	-1	1	1	-1	1	-1
binX15140000	-1	-1	-1	-1	-1	1	-1	1	1	1	1	-1	-1	1	1	1	1	-1	-1	1	-1	1	1	1	1	-1	1	-1	-1	-1	1	-1	1	1	-1	1	-1
binX15150000	-1	-1	-1	-1	-1	1	-1	1	1	1	1	-1	-1	1	1	1	1	-1	-1	1	-1	1	1	1	1	-1	1	-1	-1	-1	1	-1	1	1	-1	1	-1
binX15370000	-1	-1	-1	-1	-1	1	-1	1	1	1	1	-1	-1	1	1	1	1	-1	-1	1	-1	1	1	1	1	-1	1	-1	-1	-1	1	-1	1	1	-1	1	-1
binX15380000	-1	-1	-1	-1	-1	1	-1	1	1	1	1	-1	-1	1	1	1	1	-1	-1	1	-1	1	1	1	1	-1	1	-1	-1	-1	1	-1	1	1	-1	1	-1
binX15440000	-1	-1	-1	-1	-1	1	-1	1	1	1	1	-1	-1	1	1	1	1	-1	-1	1	-1	1	1	1	1	-1	1	-1	-1	-1	1	-1	1	1	-1	1	-1
binX15450000	-1	-1	-1	-1	-1	1	-1	1	1	1	1	-1	-1	1	1	1	1	-1	-1	1	-1	1	1	1	1	-1	1	-1	-1	-1	1	-1	1	1	-1	1	-1
binX15650000	-1	-1	-1	-1	-1	1	-1	1	1	1	1	-1	-1	1	1	1	1	-1	-1	1	-1	1	1	1	1	-1	1	-1	-1	-1	1	-1	1	1	-1	1	-1
binX15660000	-1	-1	-1	-1	-1	1	-1	1	1	1	1	-1	-1	1	1	1	1	-1	-1	1	-1	1	1	1	1	-1	-1	-1	-1	-1	1	-1	1	1	-1	1	-1
binX16540000	-1	-1	-1	-1	-1	1	-1	1	1	1	1	-1	-1	1	1	1	1	-1	-1	1	-1	1	1	1	1	-1	-1	-1	-1	1	1	-1	-1	1	-1	1	-1
binX16550000	-1	-1	-1	-1	-1	1	-1	1	1	1	1	-1	-1	1	1	1	1	-1	-1	1	-1	1	1	1	1	-1	-1	-1	-1	1	1	-1	-1	1	-1	1	-1
binX16690000	-1	-1	-1	-1	-1	1	-1	1	1	1	1	-1	-1	1	1	1	1	-1	-1	1	-1	1	1	1	1	-1	-1	-1	-1	1	1	-1	-1	1	-1	1	-1
binX16700000	-1	-1	-1	-1	-1	1	-1	1	1	1	1	-1	-1	1	1	1	1	-1	-1	1	-1	1	1	1	1	-1	-1	-1	-1	1	1	-1	-1	1	-1	1	-1
binX17718866	-1	-1	-1	-1	-1	1	-1	1	1	1	1	-1	-1	1	1	1	1	-1	-1	1	-1	1	1	1	1	-1	-1	-1	-1	1	1	-1	-1	1	-1	1	-1
